    81      2 
0.0000000 0.0000000 
1.2500000 0.0000000 
2.5000000 0.0000000 
3.7500000 0.0000000 
5.0000000 0.0000000 
6.2500000 0.0000000 
7.5000000 0.0000000 
8.7500000 0.0000000 
10.0000000 0.0000000 
0.0000000 0.1250000 
1.2500000 0.1250000 
2.5000000 0.1250000 
3.7500000 0.1250000 
5.0000000 0.1250000 
6.2500000 0.1250000 
7.5000000 0.1250000 
8.7500000 0.1250000 
10.0000000 0.1250000 
0.0000000 0.2500000 
1.2500000 0.2500000 
2.5000000 0.2500000 
3.7500000 0.2500000 
5.0000000 0.2500000 
6.2500000 0.2500000 
7.5000000 0.2500000 
8.7500000 0.2500000 
10.0000000 0.2500000 
0.0000000 0.3750000 
1.2500000 0.3750000 
2.5000000 0.3750000 
3.7500000 0.3750000 
5.0000000 0.3750000 
6.2500000 0.3750000 
7.5000000 0.3750000 
8.7500000 0.3750000 
10.0000000 0.3750000 
0.0000000 0.5000000 
1.2500000 0.5000000 
2.5000000 0.5000000 
3.7500000 0.5000000 
5.0000000 0.5000000 
6.2500000 0.5000000 
7.5000000 0.5000000 
8.7500000 0.5000000 
10.0000000 0.5000000 
0.0000000 0.6250000 
1.2500000 0.6250000 
2.5000000 0.6250000 
3.7500000 0.6250000 
5.0000000 0.6250000 
6.2500000 0.6250000 
7.5000000 0.6250000 
8.7500000 0.6250000 
10.0000000 0.6250000 
0.0000000 0.7500000 
1.2500000 0.7500000 
2.5000000 0.7500000 
3.7500000 0.7500000 
5.0000000 0.7500000 
6.2500000 0.7500000 
7.5000000 0.7500000 
8.7500000 0.7500000 
10.0000000 0.7500000 
0.0000000 0.8750000 
1.2500000 0.8750000 
2.5000000 0.8750000 
3.7500000 0.8750000 
5.0000000 0.8750000 
6.2500000 0.8750000 
7.5000000 0.8750000 
8.7500000 0.8750000 
10.0000000 0.8750000 
0.0000000 1.0000000 
1.2500000 1.0000000 
2.5000000 1.0000000 
3.7500000 1.0000000 
5.0000000 1.0000000 
6.2500000 1.0000000 
7.5000000 1.0000000 
8.7500000 1.0000000 
10.0000000 1.0000000 
