   0.0000000000000000     
   0.0000000000000000     
   0.0000000000000000     
   0.0000000000000000     
   0.0000000000000000     
   0.0000000000000000     
   0.0000000000000000     
   0.0000000000000000     
   0.0000000000000000     
   0.0000000000000000     
   0.0000000000000000     
   0.0000000000000000     
   0.0000000000000000     
   0.0000000000000000     
   0.0000000000000000     
   0.0000000000000000     
   0.0000000000000000     
   1.0000000000000000     
  -1.3732150302962855E-002
 -0.78321471064131643     
  -1.3402273740903861     
 -0.99415148651819896     
 -0.11061995192308202     
  0.85273065581832663     
   1.3119878764589223     
   1.0039887059949466     
  0.10752923025630182     
 -0.85183630849691239     
  -1.3122300108830192     
  -1.0039483527256672     
 -0.10718371570059491     
  0.84839671149893425     
   1.3376870159947352     
  0.84551373059719626     
   1.0000000000000000     
  -1.1343928857606913     
 -0.87192021735732994     
 -0.70728891294321228     
   6.3485675884983453E-002
  0.74165636101273136     
   1.0001533754898329     
  0.66913957594559892     
  -5.3030141038894106E-002
 -0.74430012909586685     
 -0.99954353983333677     
 -0.66923130564799638     
   5.2777075583349424E-002
  0.74588034738542885     
  0.99279908845319198     
  0.68510794548398679     
   2.8651344878634108E-003
   1.0000000000000000     
  -1.5843364984935080     
 -0.61695788592928014     
  -5.6054716511406533E-002
  0.74554614623261817     
   1.0583275283692983     
  0.76317732145837325     
   1.8444183554840302E-002
 -0.73662321152136634     
  -1.0602575553279920     
 -0.76282302355021747     
  -1.8402387705390724E-002
  0.73622644843260499     
   1.0612653125463158     
  0.76280770837316392     
   7.2370176027922537E-003
 -0.74553288402656448     
   1.0000000000000000     
  -1.2686495919940224     
  0.13043777069427395     
  0.72110699978840198     
   1.0577628700086454     
  0.73967832758424823     
  -5.2481421024410104E-003
 -0.74808299516921739     
  -1.0525963943320704     
 -0.74050794170121537     
   5.3227985149753446E-003
  0.74814582043811095     
   1.0525381462829266     
  0.74009595779650728     
  -3.7942037089093187E-003
 -0.74488029020433644     
  -1.0519657577960047     
   1.0000000000000000     
 -0.37680531648824178     
  0.81473538162825143     
   1.0404921451655709     
  0.74621120481023540     
   1.2580295420139530E-003
 -0.74298850545451234     
  -1.0520522596665340     
 -0.74483724262327289     
  -1.3190054763901938E-003
  0.74297323444373364     
   1.0520298425288603     
  0.74494731256176094     
   1.2173455785622520E-003
 -0.74371700087126080     
  -1.0525091396893220     
 -0.74583393789795538     
   1.0000000000000000     
  0.58430983326029118     
   1.0716078737585530     
  0.74356237101473721     
  -4.6219458501752913E-004
 -0.74474135860350543     
  -1.0527645418106344     
 -0.74435633461310835     
   2.9731852669572786E-004
  0.74466935323591121     
   1.0528747892224986     
  0.74428121387952662     
  -2.8901302408699988E-004
 -0.74455161020342620     
  -1.0527438062602776     
 -0.74374394083555906     
  -2.0612830467103024E-003
   1.0000000000000000     
   1.0441646574880479     
  0.74102794089402935     
  -6.9241854018233775E-004
 -0.74282715181210013     
  -1.0533297847961114     
 -0.74388407800445033     
  -1.7926174542234188E-004
  0.74424206760058542     
   1.0524784813937806     
  0.74425871118491127     
   4.8442661751903080E-005
 -0.74421311031170179     
  -1.0525084636059665     
 -0.74444657923412694     
   5.0172731835694507E-004
  0.74282547998085435     
   1.0000000000000000     
  0.73600597916108035     
   1.8742669345191754E-002
 -0.75589161471465360     
  -1.0474820184253173     
 -0.74626171456935064     
   6.3803255906038411E-004
  0.74414205194221728     
   1.0527026561696777     
  0.74432110622545788     
   1.0679203728893331E-006
 -0.74433400959758311     
  -1.0526503940757643     
 -0.74428329028023810     
  -9.9414754950137636E-005
  0.74452085439796023     
   1.0526485098296610     
   1.0000000000000000     
 -0.16041236510214005     
 -0.67249602886819648     
  -1.0794576639488691     
 -0.73527953160903836     
  -2.6504053103041697E-003
  0.74500869987142093     
   1.0522984990177462     
  0.74424142880386890     
  -5.1614412499413707E-005
 -0.74425352756232765     
  -1.0524921307621231     
 -0.74420620298913287     
   5.4132517969614821E-005
  0.74425512422738593     
   1.0523078613150694     
  0.74556638939980835     
   1.0000000000000000     
  -1.1197809201241482     
 -0.92778623278360461     
 -0.78225816190799191     
   1.0229080813802143E-002
  0.74157135233441784     
   1.0535112753547158     
  0.74454246575334571     
   2.9568283590947382E-004
 -0.74430055572634002     
  -1.0528653017631500     
 -0.74467735144062541     
  -2.7041184781413652E-004
  0.74428488095453915     
   1.0529653545092139     
  0.74413617174640290     
   2.6013051803902105E-003
   1.0000000000000000     
  -1.5801821530385696     
 -0.59704724741262316     
  -3.6667506613975394E-002
  0.75391325576256152     
   1.0501229846276694     
  0.74332791826883016     
  -1.3722303882820128E-003
 -0.74483807502360255     
  -1.0520475394315807     
 -0.74297665649943057     
   1.3181486820090290E-003
  0.74485434377972770     
   1.0519965853904125     
  0.74316682131175238     
  -1.8688029607863725E-003
 -0.74384937126125172     
   1.0000000000000000     
  -1.2722322534502299     
  0.12185171926785561     
  0.71331988069873142     
   1.0575076786903621     
  0.74737018382481546     
   5.4151796276180469E-003
 -0.74051427311044460     
  -1.0525963437529366     
 -0.74807740264638822     
  -5.3472782270684270E-003
  0.74051394256076764     
   1.0525952058858570     
  0.74809345321727694     
   5.2322694608431704E-003
 -0.74008085553058756     
  -1.0531918281609094     
   1.0000000000000000     
 -0.37078687111754810     
  0.83230716982699571     
   1.0507314040001905     
  0.73743579094557588     
  -1.8473286696093827E-002
 -0.76283387364257127     
  -1.0602527278728329     
 -0.73663149139886042     
   1.8507061364820929E-002
  0.76280405631823878     
   1.0602562825007593     
  0.73665372923675754     
  -1.8649371355418110E-002
 -0.76206133830445510     
  -1.0633409144828414     
 -0.72809661082786137     
   1.0000000000000000     
  0.54279807859914131     
   1.0078057747160314     
  0.74517485312288401     
   5.2631789797243755E-002
 -0.66918383435417128     
 -0.99955152545393966     
 -0.74429569740557922     
  -5.3052605117320212E-002
  0.66926783330008344     
  0.99954223489533445     
  0.74429270809933379     
   5.3045305465514225E-002
 -0.66907366780059285     
  -1.0012845493575746     
 -0.73317890292184518     
 -0.10672447784596228     
   1.0000000000000000     
   1.3334484601060455     
  0.84664495805027506     
 -0.10674146783375138     
  -1.0040072779459437     
  -1.3122265296489470     
 -0.85183775635358949     
  0.10754362680661014     
   1.0039297784544416     
   1.3122268885881128     
  0.85183839382231352     
 -0.10753623528280302     
  -1.0039654725475231     
  -1.3122076859898990     
 -0.85036976635519812     
   8.9334481756228851E-002
   1.1542737298823804     
   0.0000000000000000     
   0.0000000000000000     
   0.0000000000000000     
   0.0000000000000000     
   0.0000000000000000     
   0.0000000000000000     
   0.0000000000000000     
   0.0000000000000000     
   0.0000000000000000     
   0.0000000000000000     
   0.0000000000000000     
   0.0000000000000000     
   0.0000000000000000     
   0.0000000000000000     
   0.0000000000000000     
   0.0000000000000000     
   0.0000000000000000     
