   512      3
    71     87     70
    18      2     19
   173    172    156
    79     80     96
    92    109    108
   121    104    105
   175    176    192
    54     53     37
   158    157    141
   155    138    139
   241    257    240
   156    155    139
   242    258    241
   264    247    248
   211    227    210
   248    247    231
   177    178    194
    96    113    112
     1      2     18
   199    215    198
   248    232    249
    83     67     84
    61     62     78
    73     72     56
    64     48     65
   109     92     93
   147    148    164
   166    182    165
    31     47     30
    38     54     37
   127    143    126
    72     71     55
    37     20     21
    40     39     23
    43     59     42
    60     61     77
    11     28     27
   114    115    131
   123    106    107
    39     22     23
    79     96     95
   145    146    162
   214    197    198
    94     93     77
    53     70     69
    53     54     70
   107    124    123
    71     54     55
   125    141    124
   157    156    140
   140    141    157
   107    106     90
   190    189    173
   189    188    172
   159    176    175
   176    193    192
   141    142    158
   209    210    226
   225    226    242
   223    222    206
   258    275    274
    35     18     19
   273    256    257
   260    259    243
   175    191    174
   159    160    176
   209    226    225
   212    229    228
   246    247    263
   277    260    261
   194    210    193
   142    159    158
    94    110     93
   164    180    163
   212    213    229
   163    180    179
   216    199    200
   180    164    181
   130    129    113
   146    130    147
   181    164    165
   232    215    216
   166    165    149
   132    149    148
   184    200    183
   233    232    216
   197    180    181
   265    248    249
   248    231    232
   250    233    234
   268    285    284
    84    101    100
   202    218    201
   183    199    182
   268    252    269
   218    217    201
   217    216    200
   116    115     99
   150    166    149
   186    185    169
   184    183    167
   221    220    204
   168    151    152
    98    115    114
   132    131    115
    81     82     98
   100     83     84
    85    102    101
   116    100    117
    62     63     79
    82     99     98
    97    114    113
   148    165    164
   132    148    131
   149    165    148
   116    117    133
   133    149    132
    30     29     13
    28     11     12
    28     29     45
    80     97     96
    45     29     46
    14     15     31
    47     64     63
    65     49     66
    32     15     16
    19     36     35
     3     19      2
    20     36     19
    52     35     36
    69     52     53
    36     53     52
    36     37     53
     4     20      3
    37     36     20
    39     38     22
    55     54     38
    57     40     41
    71     70     54
    20     19      3
    22     21      5
    21     20      4
     5     21      4
    38     37     21
    22     38     21
     6     22      5
    40     24     41
     7     23      6
     6     23     22
    26      9     10
     7     24     23
    94     77     78
    56     55     39
    24      8     25
     7      8     24
    24     25     41
     8      9     25
    74     73     57
    41     25     42
    41     42     58
    25      9     26
    42     59     58
    44     27     28
    38     39     55
    23     24     40
    57     56     40
    72     55     56
    58     57     41
    56     39     40
    74     57     58
    73     89     72
    74     90     73
   108    109    125
    59     75     58
    91     90     74
   107     91    108
    74     58     75
    93     92     76
    91     74     75
    60     76     59
    75     59     76
   111    127    110
    92    108     91
   110    109     93
   126    125    109
   145    144    128
   126    109    110
   161    160    144
   126    110    127
    91    107     90
   123    140    139
   108    124    107
   141    140    124
   108    125    124
   126    143    142
    75     92     91
    75     76     92
   121    120    104
    87     71     88
   106    123    122
   123    139    122
   105    106    122
   124    140    123
    89     88     72
    87     88    104
    72     88     71
    89    105     88
    89    106    105
    89     90    106
    57     73     56
    90     89     73
    86     69     70
   103     86     87
    70     87     86
    88    105    104
   104    103     87
   137    120    121
   122    121    105
   120    103    104
   139    138    122
   155    172    171
   138    137    121
   171    154    155
   137    138    154
   139    140    156
   122    138    121
   155    154    138
   173    156    157
   172    155    156
   174    173    157
   190    206    189
   174    191    190
   243    226    227
   158    174    157
   191    207    190
   175    192    191
   208    207    191
   188    171    172
   205    188    189
   173    189    172
   206    205    189
   174    190    173
   207    206    190
   222    205    206
   239    222    223
   207    223    206
   240    239    223
   256    239    240
   274    273    257
   207    224    223
   257    256    240
   258    274    257
   241    258    257
   259    260    276
   275    258    259
   223    224    240
   207    208    224
   224    241    240
   225    208    209
   243    242    226
   241    224    225
   275    259    276
   258    242    259
   241    225    242
   224    208    225
   243    227    244
   226    210    227
   262    245    246
   244    227    228
   261    260    244
   259    242    243
   244    260    243
   277    276    260
   245    261    244
   278    277    261
   261    262    278
   262    263    279
   246    229    230
   263    280    279
   178    195    194
   245    244    228
   278    262    279
   261    245    262
   247    246    230
   245    228    229
   262    246    263
   245    229    246
   177    160    161
   162    163    179
   228    211    212
   196    180    197
   211    194    195
   196    179    180
   210    209    193
   208    191    192
   192    209    208
   192    193    209
   176    177    193
   195    212    211
   227    211    228
   210    194    211
   158    175    174
   158    159    175
   125    142    141
   125    126    142
   142    143    159
   161    162    178
   143    160    159
   143    144    160
   193    177    194
   176    160    177
   127    144    143
   145    129    146
   145    161    144
   178    177    161
   178    179    195
   178    162    179
   146    163    162
   146    147    163
   214    213    197
   213    212    196
   198    182    199
   181    165    182
   133    150    149
   183    182    166
   167    183    166
   200    199    183
   231    214    215
   198    181    182
   233    216    217
   215    199    216
   201    217    200
   234    233    217
   195    196    212
   195    179    196
   197    213    196
   230    229    213
   232    231    215
   230    213    214
   214    198    215
   197    181    198
   230    231    247
   230    214    231
   250    266    249
   265    264    248
   282    281    265
   264    263    247
   281    264    265
   280    263    264
   264    281    280
   266    267    283
   283    282    266
   265    266    282
   265    249    266
   284    283    267
   268    284    267
   250    251    267
   251    235    252
   251    250    234
   249    232    233
   266    250    267
   249    233    250
   235    251    234
   268    267    251
   252    235    236
   234    217    218
   269    252    253
   268    251    252
   253    236    237
   202    201    185
   286    269    270
   252    236    253
   270    269    253
   285    268    269
   285    269    286
   254    270    253
   287    286    270
   271    287    270
   270    254    271
   272    289    288
   254    237    238
   202    185    186
   271    254    255
   253    237    254
   288    271    272
   288    287    271
   271    255    272
   169    168    152
   203    219    202
   254    238    255
   237    221    238
   235    218    219
   235    234    218
   203    202    186
   219    218    202
   236    219    220
   236    235    219
   237    220    221
   237    236    220
   168    167    151
   184    201    200
   168    184    167
   185    201    184
   185    168    169
   185    184    168
   170    186    169
   203    220    219
   187    203    186
   204    220    203
   187    186    170
   204    203    187
   135    152    151
   153    169    152
   153    152    136
   170    169    153
   102    119    118
   136    152    135
   118    135    134
   136    135    119
    66     83     82
   134    135    151
    82     83     99
   101    118    117
   133    117    134
   100    101    117
   150    133    134
   132    115    116
   167    150    151
   167    166    150
   150    134    151
   117    118    134
   102    118    101
   119    135    118
   112    129    128
   113    114    130
   148    147    131
   146    129    130
   163    147    164
   130    131    147
   112    111     95
   112    128    111
   127    128    144
   127    111    128
   161    145    162
   128    129    145
    96    112     95
   113    129    112
    95     94     78
    93     76     77
   111     94     95
   111    110     94
    78     79     95
    97    113     96
    60     44     61
    63     80     79
   130    114    131
    97     98    114
    80     81     97
    99    115     98
   132    116    133
    99    100    116
    78     62     79
    45     46     62
    64     80     63
    64     81     80
    97     81     98
    64     65     81
    59     43     60
    42     25     26
    76     60     77
    61     45     62
    43     44     60
    43     27     44
    77     61     78
    44     45     61
    43     26     27
    43     42     26
    27     10     11
    27     26     10
    29     28     12
    45     44     28
    13     29     12
    46     63     62
    30     46     29
    47     63     46
    30     47     46
    14     30     13
    14     31     30
    32     31     15
    32     48     31
    33     32     16
    49     48     32
    66     49     50
    65     82     81
    47     48     64
    47     31     48
    49     65     48
    66     82     65
    99     83    100
    66     67     83
    66     50     67
    49     32     33
    68     84     67
    85    101     84
    50     51     67
    68     85     84
    33     16     17
    50     33     34
    50     49     33
    33     17     34
    67     51     68
    50     34     51
