    25      2 
0.0000000 0.0000000 
2.0000000 0.0000000 
4.0000000 0.0000000 
6.0000000 0.0000000 
8.0000000 0.0000000 
0.0000000 2.0000000 
2.0000000 2.0000000 
4.0000000 2.0000000 
6.0000000 2.0000000 
8.0000000 2.0000000 
0.0000000 4.0000000 
2.0000000 4.0000000 
4.0000000 4.0000000 
6.0000000 4.0000000 
8.0000000 4.0000000 
0.0000000 6.0000000 
2.0000000 6.0000000 
4.0000000 6.0000000 
6.0000000 6.0000000 
8.0000000 6.0000000 
0.0000000 8.0000000 
2.0000000 8.0000000 
4.0000000 8.0000000 
6.0000000 8.0000000 
8.0000000 8.0000000 
