3120
3
75 36 55
552 594 554
553 593 551
452 490 492
670 628 626
1322 1340 831
1034 1036 1037
602 604 562
1201 1203 1183
674 630 672
235 216 234
662 664 620
22 40 59
490 452 450
229 230 211
78 115 97
472 434 432
492 494 454
294 313 295
31 50 51
201 182 181
443 405 407
606 608 566
435 323 322
322 323 302
900 902 884
586 546 544
940 956 958
669 713 711
1102 1120 1100
1344 1326 1364
765 809 763
1350 1370 1368
1575 1574 1595
1613 1634 1614
1380 1400 1398
1104 1122 1102
853 807 809
717 715 673
585 583 543
1071 1091 1093
628 630 588
1055 1075 1077
777 991 819
1568 1569 1548
414 412 452
744 700 698
102 101 120
176 158 157
29 30 10
458 418 456
156 157 138
418 416 456
402 400 442
488 490 450
1273 1271 1291
564 522 562
542 504 502
156 175 157
232 214 213
325 343 326
234 216 215
936 954 938
692 918 650
727 725 683
938 940 922
938 954 956
687 643 645
604 602 644
1040 1039 1042
312 331 313
558 516 556
870 888 872
887 889 907
371 370 389
548 508 546
199 181 180
196 177 195
46 64 65
107 88 87
205 204 224
33 53 14
307 325 308
236 218 217
263 282 283
425 247 427
30 49 50
33 72 53
166 186 167
151 150 170
621 579 581
186 205 206
265 264 284
263 262 282
431 304 433
393 394 373
521 479 481
559 561 601
545 543 505
152 132 151
625 627 669
691 689 647
1033 1034 1031
687 645 689
915 1035 933
950 932 948
605 565 607
349 350 331
318 317 337
520 480 478
870 886 888
914 1030 1027
691 733 689
685 683 641
957 959 977
1074 1096 1094
1079 1077 1097
733 735 777
803 759 805
771 727 729
717 675 719
725 723 681
673 715 671
617 659 615
745 789 743
621 623 665
849 1162 1160
677 675 633
797 795 751
669 711 667
655 657 701
705 659 661
783 737 785
1358 829 1340
1468 1469 1448
1376 1394 825
1446 1467 1447
1360 1380 1398
1575 1576 1555
1490 1491 1470
841 795 797
1136 1138 1156
1119 1137 1139
793 795 839
1334 1316 1336
1549 1569 1570
1590 1591 1570
1608 1607 1628
1588 1609 1589
1633 1634 1613
1207 1189 1187
1338 1356 1336
1207 1205 1225
1087 1107 1109
1187 1205 1207
1246 1226 1228
1191 1209 1211
1281 1263 1261
1085 1412 1067
1208 1190 1210
1005 1047 1050
985 1003 983
1095 1075 1073
1129 1127 1147
1109 1111 1089
1103 1121 1414
1119 1117 1137
1193 1191 1211
754 756 710
682 724 726
764 720 718
658 614 656
444 408 406
1341 1359 1379
1165 1183 1185
1213 840 1231
582 580 622
1523 1522 1543
1177 844 1195
1201 1221 1203
1241 1239 1259
1422 1423 1266
820 1431 1393
572 532 570
1600 1620 1621
1 400 402
22 41 4
406 404 442
404 20 1
452 412 450
404 1 402
82 100 101
5 4 23
60 79 42
43 62 25
140 139 158
24 43 6
62 44 25
24 61 43
99 117 118
172 420 191
137 119 118
155 137 136
81 82 63
156 138 137
140 158 159
154 155 136
175 176 157
155 156 137
193 211 212
135 116 134
424 422 462
406 408 39
42 61 24
58 77 40
79 97 116
442 444 406
410 412 77
752 708 706
486 488 450
134 416 153
448 486 450
416 418 153
612 610 654
528 488 526
486 526 488
696 740 742
532 530 570
568 610 570
576 574 616
656 614 612
528 490 488
492 454 452
622 580 620
572 614 574
498 496 536
528 526 568
542 540 582
580 578 620
628 672 630
548 590 550
586 584 626
584 624 626
676 634 632
552 592 594
464 426 424
174 193 175
500 498 538
458 456 496
498 458 496
460 420 458
420 172 418
135 136 117
156 174 175
250 249 268
309 326 327
311 329 330
478 438 476
324 434 436
367 349 366
346 329 328
346 364 347
330 331 312
558 556 598
472 474 434
640 682 684
596 556 554
936 734 954
732 776 734
476 436 474
566 608 882
732 688 730
682 680 724
776 954 734
962 964 946
940 958 942
928 946 930
980 982 964
955 975 973
960 962 944
960 978 962
950 966 968
984 982 1000
888 906 890
902 900 918
364 365 347
292 311 293
349 331 330
395 374 394
346 363 364
383 384 367
235 236 217
258 257 277
254 273 255
258 278 259
255 273 274
255 256 237
289 290 271
312 311 330
306 305 434
213 231 232
430 286 268
287 288 269
287 269 286
252 270 271
214 233 215
289 288 306
270 269 288
268 286 269
83 82 101
195 176 194
158 176 177
252 251 270
63 82 64
121 120 139
81 100 82
84 83 102
119 120 101
138 157 139
179 178 197
159 158 177
198 179 197
178 177 196
142 123 141
160 178 179
28 47 29
161 179 180
122 121 140
159 178 160
11 30 31
86 67 85
29 48 49
217 199 198
125 106 105
48 29 47
163 144 143
142 124 123
124 105 123
142 141 160
350 351 332
316 315 335
277 296 297
319 318 338
279 259 278
183 164 163
275 276 257
334 314 333
297 298 278
281 301 282
299 300 280
376 356 355
321 322 301
477 479 519
223 242 243
303 433 304
262 242 261
301 322 302
187 167 186
244 264 245
279 260 259
301 300 320
203 204 184
87 88 68
30 50 31
126 106 125
128 109 108
69 50 49
89 109 90
111 130 131
90 109 110
184 165 164
52 71 72
109 128 129
73 112 93
403 401 19
35 74 55
489 487 451
132 112 131
38 407 405
189 170 169
53 73 34
93 113 74
76 56 95
74 54 93
92 111 112
150 149 169
461 499 459
113 93 132
409 411 447
188 189 169
421 190 209
171 151 170
133 113 132
151 131 150
227 228 208
190 171 170
188 208 189
209 190 189
167 148 147
129 110 109
207 208 188
168 149 148
507 505 467
425 423 228
340 319 339
338 337 358
338 359 339
341 342 321
339 360 340
895 875 877
471 509 469
359 360 339
469 507 467
501 503 541
449 485 447
501 461 463
509 507 469
581 541 583
475 435 437
595 553 555
509 471 511
515 557 555
509 549 547
551 591 549
573 575 615
539 499 501
625 585 627
627 585 587
589 631 629
933 913 915
635 637 679
641 643 685
599 601 641
939 919 921
641 601 643
519 517 477
601 603 643
563 561 521
645 647 689
911 913 931
603 645 643
603 605 645
941 939 921
903 901 883
923 925 943
605 603 563
955 735 693
693 691 649
979 959 961
775 773 731
651 649 609
523 521 481
319 338 339
399 441 377
337 336 356
334 315 314
359 380 439
651 609 919
1028 1029 1026
394 374 373
355 335 354
351 369 370
370 369 388
391 372 371
926 908 924
926 924 942
1034 1037 1035
1036 950 968
947 945 927
982 966 964
923 943 941
963 965 983
947 965 945
967 985 965
1037 1038 1035
1037 1036 1039
967 969 987
1038 1037 1040
985 987 1005
1074 859 1052
999 981 1001
1086 1066 1068
1050 1049 1411
1000 998 1016
995 997 1015
1049 1048 1411
1082 1102 1100
1103 1101 1121
1415 1414 1121
1247 1229 1227
1190 1208 1188
1155 1173 1175
1076 1052 1054
1085 1065 1083
1194 1174 1176
1096 1114 1094
1182 1200 1180
1230 1212 1420
1208 1206 1188
1230 1228 1210
1130 1148 1128
1154 1134 1136
1108 1106 855
1118 1100 1120
1186 1168 1188
1226 1208 1228
1074 1052 1076
1062 1013 1015
817 773 775
1021 1066 1019
1078 1098 1076
1011 991 993
731 773 729
861 1009 1058
809 855 853
721 719 677
811 809 765
763 719 765
847 803 849
761 763 807
1182 1180 1162
1180 1178 1160
799 797 753
801 803 847
761 717 763
755 753 709
663 705 661
699 653 655
755 799 753
747 701 703
799 843 797
799 755 801
753 797 751
801 847 845
1236 1254 1234
1306 1324 1286
791 745 747
797 843 841
829 783 831
787 743 789
1214 841 843
1308 1290 1328
1216 1234 1214
1326 1308 1346
1196 1216 1214
1218 1200 1220
1160 1178 847
1198 1216 1196
1184 1182 1164
849 805 851
1218 1198 1200
1198 1178 1180
1222 1220 1202
1238 1256 1236
1232 1252 1250
1322 1304 1342
1268 1270 1288
1252 1254 1272
1330 1332 1350
1342 1324 1362
1402 1446 1400
1448 1449 1396
833 787 789
1268 1250 1270
657 613 615
1512 1492 1491
1472 1451 1471
1322 833 1304
1326 1288 1308
1447 1398 1400
1448 1396 1398
1597 1576 1596
1509 1510 1489
1376 825 827
1556 1555 1576
1575 1595 1596
1617 1597 1596
1639 1640 1619
1598 1577 1597
1595 1616 1596
1617 1618 1597
1513 1512 1533
1469 1449 1448
1468 1447 1467
1486 1485 1506
1510 1531 1511
1571 1550 1570
1638 1618 1617
1368 1388 1386
1390 1408 1388
1346 1328 1366
1442 1408 1410
1551 1530 1550
1506 1507 1486
1590 1570 1569
1550 1549 1570
1348 1330 1350
1386 1348 1368
1296 1276 1278
1370 1372 1390
1260 1240 1242
1443 1444 1406
1352 1334 1354
1332 1314 1334
1368 1370 1388
1334 1336 1354
1298 1300 1318
1301 1299 1319
1262 1280 1260
1240 1258 1238
1230 1210 1212
1282 1280 1262
1319 1425 1301
1266 1246 1248
1316 1298 1318
1282 1284 1302
1352 1372 1370
1354 1374 1372
1370 1390 1388
1372 1374 1392
1443 1464 1444
1390 1410 1408
1353 1373 1355
1568 1547 1567
1592 1593 1572
1373 1428 1355
1318 1336 1316
1335 1353 1355
1392 1410 1390
1524 1525 1504
1483 1484 1463
1565 1586 1566
1526 1505 1525
1609 1588 1608
1541 1540 1561
1545 1524 1544
1430 1441 1410
1522 1501 1521
1371 1391 1373
1255 1273 1275
1407 1439 1409
1461 1482 1462
1484 1483 1504
1297 1315 1317
1353 1371 1373
1235 1215 1233
1295 1315 1297
1149 1147 1167
1169 1187 1189
1091 1089 1111
1169 1167 1187
1227 1207 1225
1241 1259 1261
1245 1243 1263
1279 1259 1277
1337 1319 1317
1281 1261 1279
1212 1419 1420
1211 1229 1420
1157 1416 1139
1172 1154 1174
1419 1418 1193
1176 1156 1158
1018 1000 1016
1008 1010 992
1022 1048 1045
1069 858 856
1064 1062 1017
1068 1050 1411
1139 1415 1121
1415 1416 1140
1047 1046 1049
1049 1046 1048
976 994 978
1014 1012 1061
1014 1016 998
1057 1059 1010
1059 1012 1010
1002 1018 1020
1059 1061 1012
1002 1020 1004
1057 1077 1079
1095 1113 1115
1055 1053 1075
992 1010 994
726 728 684
730 688 686
808 852 854
854 1087 856
1010 1008 1057
1069 1089 1091
716 718 674
1125 1145 1127
1095 1073 1093
1111 1131 1113
1091 1113 1093
1153 1171 1173
852 1105 854
1125 1123 1145
1091 1111 1113
1089 1087 1109
1177 1195 1197
1199 1219 1201
802 800 846
1347 1349 1329
1235 1233 1253
1221 1239 1241
1231 1251 1233
1251 1269 1271
1145 1143 1163
1165 1185 1167
762 806 808
814 858 816
722 720 764
766 724 722
710 708 754
850 848 1141
1195 842 1213
1159 1161 848
804 760 758
750 748 794
672 670 714
662 660 704
620 618 662
656 612 654
668 710 712
704 702 748
668 666 710
702 700 746
836 792 790
736 784 738
696 742 698
828 782 780
1359 1397 1379
748 746 792
740 738 786
790 788 834
782 736 780
778 780 736
778 826 780
832 786 784
1331 1333 1313
824 1375 826
1539 1519 1518
824 1393 1375
1474 1453 1473
1287 1285 1305
1481 1480 1501
1291 1271 1289
1249 838 836
1309 1311 1291
820 1393 822
1285 834 832
1321 1339 1359
1307 1345 1327
1343 1361 1381
1562 1561 1582
1456 1455 1476
1605 1585 1584
1585 1564 1584
1586 1585 1606
1563 1543 1542
1625 1604 1624
1625 1605 1604
1605 1606 1585
1607 1587 1586
1562 1541 1561
1479 1500 1480
1583 1582 1603
1438 1458 1459
1496 1497 1476
1433 1395 1432
1621 1622 1601
2 1 20
58 21 39
39 20 406
39 2 20
39 21 2
41 59 78
442 404 402
406 20 404
408 58 39
408 410 58
58 410 77
452 454 414
58 40 21
41 78 60
444 446 408
448 412 410
78 96 115
77 412 96
414 115 412
96 412 115
154 136 135
98 79 116
97 79 60
80 99 62
78 97 60
115 116 97
23 4 41
59 96 78
77 59 40
77 96 59
21 3 2
21 40 3
3 22 4
3 40 22
23 41 60
22 59 41
24 6 5
23 42 5
5 42 24
43 25 6
45 63 64
60 42 23
79 98 61
25 7 6
25 44 26
27 26 45
7 25 26
65 64 83
45 44 63
46 45 64
26 44 45
62 63 44
62 81 63
43 61 80
100 119 101
102 83 101
64 82 83
121 102 120
121 103 102
99 100 81
119 138 120
118 119 100
137 138 119
99 118 100
136 137 118
62 99 81
98 117 99
79 61 42
98 99 80
43 80 62
61 98 80
118 117 136
98 116 117
174 192 193
194 176 175
194 193 212
191 192 173
193 194 175
249 230 248
191 420 422
230 212 211
138 139 120
157 158 139
197 178 196
178 159 177
176 195 177
195 194 213
212 213 194
214 196 195
195 213 214
212 230 231
250 231 249
213 212 231
269 251 250
233 214 232
232 251 233
232 250 251
269 250 268
232 231 250
430 267 428
430 268 267
510 470 508
267 249 428
268 249 267
231 230 249
424 229 210
248 230 229
426 248 229
428 249 248
462 464 424
428 248 426
210 192 191
418 458 420
462 422 460
420 460 422
211 210 229
211 193 192
229 424 426
210 422 424
154 173 155
210 211 192
155 174 156
155 173 174
174 173 192
154 172 173
153 172 154
153 418 172
210 191 422
173 172 191
154 135 153
117 116 135
135 134 153
116 115 134
456 416 454
134 115 414
484 444 442
446 410 408
484 446 444
448 410 446
484 448 446
450 412 448
414 416 134
414 454 416
458 498 460
466 506 468
484 486 448
530 568 570
530 492 490
494 456 454
484 526 486
530 528 568
530 490 528
534 494 532
532 492 530
576 536 574
534 496 494
532 494 492
496 456 494
462 460 500
500 460 498
540 542 502
506 508 468
540 500 538
502 462 500
540 502 500
504 464 502
580 540 538
590 630 632
584 542 582
544 504 542
510 508 548
508 506 546
584 544 542
546 506 544
540 580 582
616 574 614
538 578 580
538 536 578
574 536 534
538 498 536
572 534 532
536 496 534
534 572 574
570 612 572
578 576 618
578 536 576
572 612 614
654 652 698
570 610 612
618 616 660
618 576 616
662 618 660
620 578 618
702 656 700
740 696 694
610 652 654
700 656 654
658 616 614
710 666 708
664 666 622
702 658 656
660 616 658
622 666 624
668 624 666
706 664 662
708 666 664
712 670 668
718 720 676
626 628 586
670 672 628
674 672 716
714 712 758
668 626 624
668 670 626
664 622 620
624 582 622
544 584 586
582 624 584
634 592 632
588 546 586
628 588 586
552 554 512
630 590 588
634 636 594
632 592 590
594 596 554
634 594 592
640 642 600
678 636 634
638 596 636
634 676 678
674 718 676
632 674 676
632 630 674
638 636 680
676 720 678
600 598 640
636 678 680
638 680 682
678 722 680
638 682 640
604 646 606
730 686 728
684 642 640
766 768 724
770 814 772
684 686 642
688 644 686
726 684 682
728 686 684
598 600 558
602 562 560
596 598 556
638 640 598
636 596 594
638 598 596
560 558 600
476 516 518
564 562 604
566 864 524
556 514 554
432 286 430
554 514 512
558 560 518
438 362 345
514 556 516
520 478 518
516 558 518
590 592 550
550 592 552
588 590 548
552 512 550
588 548 546
550 510 548
544 506 504
508 470 468
512 510 550
512 514 474
468 470 430
510 512 472
426 466 428
466 504 506
502 464 462
466 426 464
468 430 428
470 432 430
504 466 464
468 428 466
472 432 470
305 288 287
510 472 470
514 516 476
434 474 436
472 512 474
432 287 286
432 305 287
434 305 432
306 324 307
438 440 362
347 365 348
514 476 474
362 363 346
518 478 476
480 522 482
440 363 362
440 364 363
365 366 348
382 366 381
383 366 382
482 440 480
381 365 440
882 866 864
866 884 868
866 882 884
884 886 868
904 906 888
606 566 564
882 864 566
900 884 882
902 886 884
602 560 600
560 562 520
524 482 522
560 520 518
522 480 520
524 522 564
522 520 562
606 564 604
566 524 564
642 602 600
642 644 602
644 646 604
608 900 882
686 644 642
646 648 606
688 646 644
688 690 646
692 690 734
648 646 690
732 730 774
860 818 816
690 732 734
690 688 732
692 648 690
650 608 648
918 692 936
650 648 692
920 936 938
692 734 936
974 956 972
770 728 726
972 956 954
976 978 960
924 940 942
938 956 940
960 958 976
960 942 958
924 908 906
920 938 922
904 920 922
918 936 920
648 608 606
650 918 900
650 900 608
918 920 902
904 902 920
904 886 902
890 906 908
904 922 906
892 908 910
906 922 924
912 910 928
894 896 878
914 930 932
926 942 944
910 908 926
922 940 924
960 944 942
964 966 948
930 946 948
944 962 946
946 928 944
928 910 926
912 928 930
926 944 928
932 930 948
946 964 948
1033 950 1036
948 966 950
986 1039 968
1040 1037 1039
984 968 966
1039 1036 968
1041 1040 1043
1041 1038 1040
1032 1034 1035
1033 1036 1034
1033 932 950
1033 1030 932
914 912 930
914 896 912
1028 1030 1031
914 932 1030
895 897 915
1030 1033 1031
890 892 874
1024 896 1027
1024 878 896
894 910 912
1025 1027 1028
896 914 1027
1030 1028 1027
523 563 521
876 892 894
890 908 892
872 888 890
886 904 888
872 890 874
874 892 876
910 894 892
912 896 894
386 369 368
868 886 870
385 368 367
368 369 350
389 390 371
387 369 386
388 369 387
389 370 388
876 894 878
391 371 390
353 354 334
1025 1024 1027
313 332 314
331 350 332
333 351 352
350 369 351
334 333 353
351 370 352
349 368 350
385 386 368
276 295 296
313 331 332
257 276 277
275 294 276
276 294 295
274 273 292
295 313 314
292 273 291
332 333 314
332 351 333
294 312 313
327 326 344
294 293 312
294 275 293
275 274 293
275 256 274
274 292 293
309 308 326
293 311 312
310 291 309
348 329 347
310 292 291
348 330 329
348 349 330
383 367 366
384 385 367
366 349 348
367 368 349
440 365 364
381 366 365
345 328 327
329 311 310
328 345 346
344 438 345
329 346 347
345 362 346
343 438 344
438 480 440
476 438 436
478 480 438
326 343 344
436 438 343
436 325 324
436 343 325
290 308 309
325 326 308
345 327 344
310 311 292
305 306 288
324 325 307
324 306 434
307 289 306
253 252 271
251 269 270
288 289 270
272 273 254
308 289 307
271 270 289
234 253 235
271 272 253
273 272 291
289 308 290
328 309 327
291 290 309
290 272 271
290 291 272
328 310 309
328 329 310
216 198 197
180 179 198
237 218 236
218 199 217
272 254 253
216 197 215
235 254 236
235 253 254
233 234 215
233 251 252
234 252 253
234 233 252
215 196 214
215 197 196
160 141 159
122 104 103
217 216 235
217 198 216
66 65 84
27 8 26
140 121 139
103 104 85
7 26 8
46 27 45
9 8 27
47 46 65
28 27 46
85 84 103
65 83 84
102 103 84
140 159 141
140 141 122
160 179 161
10 28 29
9 27 28
121 122 103
141 123 122
66 47 65
28 46 47
49 68 69
67 48 66
123 105 104
66 84 85
143 124 142
104 122 123
161 142 160
161 143 142
254 255 236
274 256 255
238 219 237
218 219 200
162 161 180
162 143 161
198 199 180
218 237 219
255 237 236
256 275 257
256 238 237
181 162 180
258 239 238
238 256 257
163 143 162
144 125 124
239 240 220
203 202 222
144 124 143
86 87 67
104 105 86
124 125 105
85 67 66
86 106 87
66 48 47
67 68 48
104 86 85
105 106 86
9 28 10
29 49 30
48 68 49
107 87 106
68 67 87
145 125 144
145 126 125
10 30 11
89 69 88
69 68 88
126 107 106
108 88 107
165 146 145
127 107 126
186 206 187
145 144 164
182 183 163
164 144 163
182 202 183
202 221 222
183 203 184
183 202 203
221 202 201
241 260 261
220 221 201
240 260 241
162 181 182
200 220 201
162 182 163
201 202 182
200 181 199
200 201 181
218 200 199
219 220 200
238 239 219
240 259 260
219 239 220
238 257 258
278 258 277
259 239 258
276 296 277
295 314 315
277 297 278
296 315 316
335 315 334
296 295 315
352 353 333
355 356 336
357 337 356
317 316 336
297 316 317
297 296 316
318 337 338
317 336 337
278 298 279
297 317 298
340 320 319
298 317 318
299 319 300
320 341 321
298 299 279
298 318 299
300 319 320
299 318 319
222 241 242
260 279 280
260 280 261
279 299 280
220 240 221
239 259 240
203 222 223
221 240 241
242 241 261
222 221 241
262 243 242
223 222 242
244 243 263
244 224 243
280 281 261
283 303 304
261 281 262
280 300 281
282 301 302
281 300 301
320 321 301
320 340 341
473 433 435
322 321 342
281 282 262
302 303 283
433 323 435
303 302 323
263 283 264
282 302 283
431 433 471
303 323 433
285 265 284
284 283 304
285 284 431
264 283 284
467 427 429
284 304 431
469 429 431
208 209 189
244 263 264
243 262 263
243 224 223
244 225 224
225 245 226
225 244 245
429 266 265
245 264 265
129 128 148
146 126 145
166 167 147
187 168 167
185 204 205
205 225 206
166 185 186
224 225 205
223 204 203
223 224 204
185 184 204
164 183 184
146 165 166
145 164 165
127 146 147
165 184 185
186 185 205
166 165 185
128 127 147
108 107 127
147 146 166
127 126 146
108 89 88
70 50 69
11 31 12
50 70 51
69 89 70
108 109 89
31 32 12
91 90 110
31 51 32
70 89 90
127 128 108
147 148 128
32 13 12
34 54 15
91 71 90
71 70 90
13 32 33
13 33 14
32 51 52
33 52 72
33 32 52
14 53 34
72 92 53
51 71 52
51 70 71
167 168 148
149 130 129
148 149 129
150 131 130
71 91 72
110 130 111
112 111 131
110 129 130
73 92 112
72 91 111
72 111 92
91 110 111
152 151 171
132 131 151
73 93 54
112 132 93
413 411 95
94 74 113
55 74 94
55 16 35
34 73 54
53 92 73
14 34 15
35 54 74
15 35 16
15 54 35
16 36 17
17 36 56
76 37 56
18 17 37
95 56 75
37 17 56
405 403 19
405 443 403
38 405 19
114 95 75
18 38 19
18 37 57
38 57 407
38 18 57
57 76 409
114 94 133
411 76 95
57 37 76
403 443 401
445 409 447
407 57 409
449 411 413
409 76 411
152 415 133
445 443 407
113 133 94
413 95 114
75 55 94
36 16 55
114 75 94
56 36 75
415 413 133
413 114 133
417 415 152
133 132 152
171 417 152
453 451 413
419 417 171
457 455 417
190 419 171
457 417 419
415 453 413
449 451 487
409 445 407
485 449 487
411 449 447
451 453 491
413 451 449
455 457 495
417 455 415
537 497 499
529 527 489
485 445 447
445 485 443
491 489 451
491 529 489
493 491 453
493 531 491
531 529 491
495 533 493
455 495 493
457 497 495
453 455 493
453 415 455
457 459 497
457 419 459
463 461 423
459 419 421
501 499 461
497 459 499
247 425 228
423 461 421
227 247 228
465 463 425
503 501 463
465 503 463
427 465 425
467 505 465
228 423 209
461 459 421
189 190 170
421 419 190
149 150 130
169 170 150
206 226 207
228 209 208
209 423 421
425 463 423
226 227 207
226 245 246
149 168 169
207 227 208
188 168 187
188 169 168
187 207 188
187 206 207
225 226 206
245 265 246
227 246 247
227 226 246
266 427 247
427 467 465
246 266 247
429 469 467
265 266 246
265 285 429
266 429 427
285 431 429
361 341 340
342 435 322
361 437 341
341 437 342
481 479 439
361 340 360
477 437 439
435 342 437
601 599 559
517 515 477
605 563 565
603 601 561
603 561 563
593 591 551
519 479 521
437 361 439
561 519 521
561 559 519
597 557 599
517 519 559
557 559 599
557 517 559
513 555 553
515 517 557
513 515 555
475 473 435
509 511 549
513 553 551
551 511 513
551 549 511
513 475 515
475 437 477
515 475 477
473 511 471
513 511 473
469 431 471
513 473 475
471 433 473
621 581 623
539 579 537
505 503 465
543 545 585
571 531 533
535 497 537
499 539 537
503 505 543
531 569 529
527 487 489
487 527 485
569 531 571
497 535 495
533 535 573
493 533 531
575 577 617
577 575 537
533 495 535
613 611 571
569 527 529
573 613 571
613 573 615
571 533 573
535 575 573
535 537 575
537 579 577
625 583 585
539 581 579
539 541 581
501 541 539
505 507 545
541 543 583
541 503 543
547 545 507
547 587 545
509 547 507
549 589 547
627 629 671
593 633 591
631 675 673
585 545 587
591 631 589
587 547 589
669 627 671
625 667 623
619 579 621
581 583 623
659 657 615
569 571 611
667 625 669
623 583 625
659 617 661
619 577 579
665 663 621
663 665 707
619 617 577
615 575 617
613 655 611
703 657 659
655 613 657
699 655 701
653 611 655
619 663 661
709 667 711
663 619 621
661 617 619
675 631 633
629 587 589
673 629 631
627 587 629
671 715 713
665 623 667
637 635 595
637 639 681
683 725 681
719 675 677
679 677 635
679 723 721
717 673 675
671 629 673
591 633 631
635 677 633
635 633 593
589 549 591
557 597 555
595 635 593
553 595 593
639 641 683
597 639 637
727 683 685
595 597 637
599 641 639
555 597 595
599 639 597
865 885 883
567 607 565
647 605 607
647 645 605
733 731 689
731 729 687
731 687 689
685 643 687
729 685 687
729 727 685
637 681 679
639 683 681
773 771 729
767 765 723
771 769 727
723 679 681
937 693 651
649 607 609
919 937 651
937 955 693
649 691 647
693 735 691
735 733 691
735 955 973
941 959 939
957 975 955
937 957 955
981 961 963
923 941 921
943 961 941
939 937 919
939 957 937
939 959 957
981 963 983
945 943 925
921 919 901
921 903 923
609 607 567
893 911 891
905 903 885
525 865 883
887 905 885
923 903 905
901 609 567
525 883 567
885 903 883
921 901 903
919 609 901
693 649 651
647 607 649
867 885 865
565 563 523
525 567 565
883 901 567
483 481 441
359 439 360
378 377 441
439 361 360
379 378 441
483 523 481
525 523 483
525 565 523
441 439 380
479 477 439
379 380 358
358 380 359
378 358 357
359 338 358
377 357 356
358 337 357
398 399 376
379 358 378
441 380 379
399 377 376
378 357 377
335 355 336
354 374 355
356 376 377
355 374 375
375 396 397
397 398 376
481 439 441
887 885 867
889 887 869
887 867 869
895 893 875
893 873 875
913 893 895
891 873 893
913 911 893
889 869 871
397 376 375
355 375 376
374 395 375
316 335 336
334 354 335
396 375 395
891 871 873
392 373 372
374 354 373
372 353 352
373 354 353
392 372 391
373 353 372
352 371 372
352 370 371
393 373 392
1025 1028 1026
897 877 879
897 895 877
897 1029 1032
1026 1029 879
1028 1031 1029
1029 897 879
1029 1031 1032
897 1032 915
1031 1034 1032
895 915 913
1032 1035 915
1038 933 1035
931 913 933
949 947 929
925 905 907
891 889 871
891 909 889
929 927 909
905 887 907
929 909 911
907 889 909
929 911 931
909 891 911
949 929 931
927 907 909
947 927 929
925 907 927
945 925 927
923 905 925
941 961 959
943 945 963
933 951 931
949 951 969
943 963 961
945 965 963
1046 1047 1044
983 965 985
947 967 965
947 949 967
951 949 931
1044 1041 1043
1038 951 933
1038 1041 951
949 969 967
951 1041 969
986 1004 1042
1044 969 1041
1046 1044 1043
987 969 1044
1047 987 1044
985 967 987
975 977 995
1005 1023 1003
997 995 977
977 959 979
997 977 979
975 957 977
993 995 1013
997 999 1017
1003 1001 983
979 961 981
983 1001 981
1068 1023 1050
981 999 979
1068 1066 1023
999 997 979
1023 1066 1021
1052 861 1054
1011 993 1013
1066 1064 1019
999 1001 1019
995 1015 1013
997 1017 1015
999 1019 1017
1001 1003 1021
1001 1021 1019
1003 1023 1021
985 1005 1003
987 1047 1005
1045 1046 1043
1045 1048 1046
1005 1050 1023
1047 1049 1050
1412 1068 1411
1019 1064 1017
1412 1086 1068
1017 1062 1015
1086 1412 1413
1079 1059 1057
1084 1086 1104
1084 1066 1086
1418 1417 1175
1176 1158 1417
1421 1420 1229
1419 1211 1420
1122 1140 1120
1158 1156 1138
1122 1104 1414
1102 1084 1104
1102 1122 1120
1414 1415 1122
1416 1158 1140
1416 1417 1158
1192 1194 1212
1176 1417 1418
1266 1248 1422
1246 1228 1248
1192 1212 1210
1194 1419 1212
1421 1230 1420
1248 1228 1230
1140 1138 1120
1140 1158 1138
1082 1084 1102
1082 1064 1084
1084 1064 1066
1062 1060 1013
1082 1062 1064
1011 1058 1009
1082 1060 1062
1082 1080 1060
1116 1096 1098
1074 1072 859
1098 1118 1116
1120 1138 1118
1138 1136 1118
1114 1112 1092
1116 1136 1134
1116 1118 1136
1172 1174 1192
1156 1176 1174
1190 1192 1210
1174 1194 1192
1168 1150 1170
1154 1136 1156
1152 1134 1154
1072 1092 1070
1174 1154 1156
1132 1130 1112
1172 1152 1154
1166 1168 1186
1170 1190 1188
1172 1192 1190
1264 1244 1246
1240 1238 1220
1172 1170 1152
1172 1190 1170
1228 1208 1210
1226 1206 1208
1132 1112 1114
1110 1108 1088
1152 1132 1134
1152 1150 1132
1116 1114 1096
1092 1090 1070
1114 1092 1094
1112 1090 1092
1134 1114 1116
1134 1132 1114
813 815 859
819 991 1009
1056 1078 1076
1078 1080 1098
1096 1074 1076
1072 1070 859
1094 1072 1074
1094 1092 1072
1076 1098 1096
1100 1118 1098
1054 1056 1076
1080 1100 1098
1058 1080 1078
1082 1100 1080
861 1058 1056
1060 1080 1058
861 1056 1054
1058 1078 1056
1011 1009 991
1052 859 861
1060 1011 1013
1060 1058 1011
973 993 991
975 995 993
735 973 777
975 993 973
859 817 861
817 775 819
733 777 775
973 991 777
815 817 859
819 1009 861
1070 857 859
771 773 815
733 775 731
777 819 775
861 817 819
815 773 817
813 771 815
769 725 727
857 813 859
769 771 813
1090 857 1070
1090 1088 857
857 855 811
1110 1112 1130
857 1088 855
1090 1112 1110
1128 1108 1130
1088 1090 1110
1148 1146 1128
1168 1170 1188
1088 1108 855
1110 1130 1108
855 1106 853
1108 1128 1106
807 853 851
1106 1128 1126
1124 1126 1146
853 1106 1126
807 851 805
853 1126 1124
761 807 805
765 767 811
1142 851 1144
851 853 1124
763 809 807
811 855 809
813 811 767
813 857 811
767 769 813
767 725 769
767 723 725
721 677 679
765 721 723
765 719 721
763 717 719
671 713 669
761 715 717
663 707 705
761 759 715
753 751 707
665 667 709
713 757 711
665 709 707
711 755 709
753 707 709
703 701 657
747 745 701
743 697 699
751 705 707
701 745 699
705 703 659
705 751 749
699 697 653
697 695 653
697 741 695
697 743 741
791 747 793
705 749 703
749 795 793
699 745 743
747 749 793
703 749 747
751 795 749
759 757 713
757 801 755
715 759 713
761 805 759
711 757 755
759 803 757
849 803 805
801 757 803
1142 849 851
1160 847 849
1162 1180 1160
1200 1198 1180
1178 845 847
1178 1198 1196
845 1196 843
845 1178 1196
845 799 801
845 843 799
741 739 695
741 787 739
739 737 695
739 785 737
841 839 795
787 785 739
745 791 789
793 837 791
837 835 791
833 1286 1304
743 787 741
789 835 833
793 839 837
841 1232 839
1214 1232 841
1252 1270 1250
1234 1252 1232
1292 1274 1294
1234 1254 1252
1234 1216 1236
1196 1214 843
1234 1232 1214
1198 1218 1216
1236 1256 1254
1220 1238 1218
1220 1222 1240
1218 1236 1216
1218 1238 1236
1204 1222 1202
1220 1200 1202
1184 1204 1202
1298 1280 1300
1242 1240 1222
1314 1316 1334
1278 1258 1260
1276 1256 1258
1144 1164 1162
1202 1200 1182
1124 1144 851
1162 849 1142
1146 1144 1124
1162 1142 1144
1184 1164 1166
1182 1162 1164
1204 1184 1186
1202 1182 1184
1184 1166 1186
1164 1144 1146
1128 1146 1126
1166 1164 1146
1150 1148 1130
1166 1146 1148
1132 1150 1130
1152 1170 1150
1148 1168 1166
1148 1150 1168
1188 1206 1186
1224 1242 1222
1206 1204 1186
1206 1224 1204
1204 1224 1222
1262 1264 1282
1226 1224 1206
1226 1244 1224
1224 1244 1242
1226 1246 1244
839 1250 837
839 1232 1250
1252 1272 1270
1312 1332 1330
1268 1288 1286
1270 1290 1288
1364 1326 1346
1288 1290 1308
1446 1445 1466
1467 1488 1468
1445 1444 1465
1488 1489 1468
1346 1366 1384
1404 1445 1446
1382 1344 1364
1344 1324 1306
1402 1382 1364
1402 1400 1382
1400 1362 1382
1306 1286 1288
1446 1447 1400
1490 1489 1510
1447 1448 1398
1447 1468 1448
1380 1362 1400
1344 1382 1362
1378 1360 1398
1360 1340 1322
1324 1342 1304
1362 1380 1342
1286 1324 1304
1344 1362 1324
835 1268 1286
837 1250 1268
791 835 789
837 1268 835
1326 1306 1288
1326 1344 1306
787 833 785
835 1286 833
829 831 1340
785 833 831
833 1322 831
1342 1360 1322
1358 1376 827
781 783 829
831 783 785
781 737 783
827 781 829
779 737 781
1394 821 823
779 781 827
1378 1358 1340
825 779 827
829 1358 827
1376 1396 1394
1451 821 1394
779 825 823
779 823 821
1471 1451 1450
1450 1394 1396
823 825 1394
1493 1472 1492
1470 1450 1449
1451 1394 1450
1378 1396 1358
1396 1449 1450
1340 1360 1378
1342 1380 1360
1358 1396 1376
1378 1398 1396
1490 1470 1469
1471 1450 1470
1512 1491 1511
1492 1471 1491
1531 1532 1511
1513 1492 1512
1511 1532 1512
1615 1594 1614
1534 1555 1535
1575 1596 1576
1491 1471 1470
1492 1472 1471
1513 1493 1492
1514 1513 1534
1554 1534 1533
1514 1493 1513
1514 1534 1535
1513 1533 1534
1535 1555 1556
1556 1576 1577
1619 1618 1639
1619 1598 1618
1577 1576 1597
1618 1598 1597
1638 1639 1618
1554 1575 1555
1552 1532 1531
1534 1554 1555
1552 1531 1551
1554 1574 1575
1573 1553 1552
1616 1637 1617
1594 1595 1574
1616 1617 1596
1637 1616 1636
1595 1594 1615
1615 1616 1595
1615 1636 1616
1638 1617 1637
1533 1532 1553
1533 1512 1532
1449 1469 1470
1468 1489 1469
1489 1490 1469
1511 1491 1490
1554 1553 1574
1554 1533 1553
1552 1551 1572
1593 1614 1594
1490 1510 1511
1489 1488 1509
1446 1466 1467
1508 1509 1488
1529 1530 1509
1530 1510 1509
1510 1530 1531
1509 1508 1529
1571 1551 1550
1531 1530 1551
1594 1573 1593
1573 1574 1553
1593 1573 1572
1553 1532 1552
1572 1573 1552
1594 1574 1573
1613 1614 1593
1635 1615 1614
1636 1615 1635
1572 1571 1592
1572 1551 1571
1593 1592 1613
1571 1570 1591
1571 1591 1592
1634 1635 1614
1612 1633 1613
1632 1633 1612
1613 1592 1612
1611 1632 1612
1529 1528 1549
1545 1566 1546
1550 1529 1549
1527 1506 1526
1589 1610 1590
1612 1592 1591
1508 1507 1528
1487 1488 1467
1508 1487 1507
1466 1487 1467
1406 1444 1445
1406 1408 1443
1388 1406 1386
1388 1408 1406
1463 1464 1443
1486 1487 1466
1402 1404 1446
1404 1406 1445
1530 1529 1550
1508 1528 1529
1507 1487 1486
1508 1488 1487
1384 1404 1402
1386 1406 1404
1465 1466 1445
1465 1486 1466
1328 1310 1348
1290 1272 1292
1404 1366 1386
1366 1328 1348
1384 1366 1404
1348 1386 1366
1364 1384 1402
1364 1346 1384
1308 1328 1346
1310 1292 1312
1270 1272 1290
1254 1274 1272
1348 1310 1330
1272 1274 1292
1310 1312 1330
1256 1238 1258
1290 1310 1328
1290 1292 1310
1314 1294 1296
1294 1274 1276
1274 1256 1276
1274 1254 1256
1240 1260 1258
1242 1262 1260
1258 1278 1276
1260 1280 1278
1296 1298 1316
1278 1280 1298
1312 1294 1314
1278 1298 1296
1296 1294 1276
1312 1292 1294
1348 1350 1368
1332 1352 1350
1316 1314 1296
1332 1312 1314
1350 1352 1370
1332 1334 1352
1428 1429 1374
1392 1390 1372
1356 1428 1374
1429 1430 1392
1392 1430 1410
1464 1485 1465
1442 1443 1408
1506 1505 1526
1352 1354 1372
1336 1356 1354
1244 1262 1242
1244 1264 1262
1280 1282 1300
1264 1284 1282
1302 1320 1300
1320 1338 1318
1425 1426 1320
1374 1354 1356
1336 1318 1338
1318 1300 1320
1282 1302 1300
1424 1423 1283
1229 1247 1421
1283 1301 1424
1264 1266 1284
1264 1246 1266
1302 1425 1320
1302 1284 1424
1319 1426 1425
1428 1373 1429
1426 1338 1320
1426 1427 1338
1440 1430 1409
1392 1374 1429
1427 1428 1356
1427 1355 1428
1440 1461 1441
1484 1504 1505
1441 1461 1462
1503 1504 1483
1442 1463 1443
1463 1462 1483
1504 1525 1505
1504 1503 1524
1546 1567 1547
1548 1549 1528
1464 1463 1484
1442 1462 1463
1485 1464 1484
1465 1444 1464
1528 1527 1548
1528 1507 1527
1465 1485 1486
1484 1505 1485
1505 1506 1485
1527 1507 1506
1567 1588 1568
1610 1611 1590
1526 1547 1527
1569 1549 1548
1631 1611 1610
1612 1591 1611
1589 1590 1569
1611 1591 1590
1631 1632 1611
1569 1568 1589
1546 1526 1525
1548 1547 1568
1548 1527 1547
1566 1587 1567
1588 1589 1568
1546 1566 1567
1608 1629 1609
1631 1610 1630
1502 1523 1503
1545 1525 1524
1526 1546 1547
1525 1545 1546
1544 1565 1545
1587 1588 1567
1610 1609 1630
1610 1589 1609
1391 1430 1429
1441 1442 1410
1338 1427 1356
1426 1337 1427
1430 1391 1409
1429 1373 1391
1391 1389 1409
1461 1481 1482
1440 1441 1430
1462 1442 1441
1409 1439 1440
1482 1483 1462
1337 1335 1355
1335 1333 1353
1315 1333 1335
1371 1389 1391
1351 1371 1353
1389 1407 1409
1369 1389 1371
1369 1387 1389
1501 1502 1481
1503 1482 1502
1460 1481 1461
1503 1483 1482
1545 1565 1566
1608 1588 1587
1607 1586 1606
1587 1566 1586
1630 1609 1629
1524 1523 1544
1524 1503 1523
1564 1565 1544
1585 1586 1565
1627 1607 1606
1608 1587 1607
1629 1608 1628
1628 1607 1627
1565 1564 1585
1542 1522 1521
1542 1543 1522
1523 1502 1522
1459 1479 1480
1522 1502 1501
1544 1543 1564
1544 1523 1543
1439 1459 1460
1434 1433 1454
1405 1438 1407
1405 1385 1403
1387 1405 1407
1403 1401 1436
1315 1313 1333
1369 1371 1351
1351 1349 1369
1369 1367 1387
1295 1313 1315
1351 1353 1333
1440 1460 1461
1459 1480 1460
1482 1481 1502
1460 1480 1481
1387 1407 1389
1439 1460 1440
1438 1439 1407
1438 1459 1439
1263 1243 1261
1225 1205 1223
1279 1261 1259
1243 1241 1261
1335 1317 1315
1299 1301 1281
1297 1317 1299
1335 1337 1317
1259 1257 1277
1327 1289 1307
1351 1333 1331
1275 1257 1255
1277 1257 1275
1235 1217 1215
1223 1241 1243
1203 1185 1183
1277 1297 1279
1277 1295 1297
1239 1221 1219
1221 1223 1203
1237 1239 1219
1257 1259 1239
1161 1181 1163
1179 1199 1181
1163 1183 1165
1181 1201 1183
1199 1201 1181
1219 1221 1201
1145 1165 1147
1145 1163 1165
1241 1223 1221
1205 1185 1203
1225 1223 1243
1205 1203 1223
1165 1167 1147
1185 1205 1187
1171 1169 1189
1167 1185 1187
1155 1153 1173
1151 1149 1169
1193 1173 1191
1171 1189 1191
1227 1209 1207
1209 1189 1207
1211 1209 1229
1191 1189 1209
1299 1281 1279
1247 1422 1421
1297 1299 1279
1317 1319 1299
1301 1283 1281
1245 1225 1243
1245 1227 1225
1229 1209 1227
1283 1265 1263
1247 1227 1245
1281 1283 1263
1301 1425 1424
1427 1337 1355
1426 1319 1337
1302 1424 1425
1423 1422 1265
1263 1265 1245
1283 1423 1265
1284 1423 1424
1284 1266 1423
1248 1421 1422
1248 1230 1421
1265 1247 1245
1265 1422 1247
1191 1173 1171
1417 1416 1157
1419 1193 1211
1175 1157 1155
1194 1418 1419
1194 1176 1418
1065 1063 1083
1095 1093 1113
1416 1415 1139
1140 1122 1415
1137 1157 1139
1173 1193 1175
1418 1175 1193
1417 1157 1175
1121 1119 1139
1153 1133 1151
1137 1155 1157
1135 1115 1133
1099 1117 1119
1115 1135 1117
1081 1099 1101
1097 1075 1095
1101 1119 1121
1101 1099 1119
1083 1081 1101
1061 1059 1081
1081 1079 1099
1081 1059 1079
1063 1061 1081
1063 1016 1061
1016 1014 1061
1000 1018 1002
1083 1063 1081
1065 1018 1063
1103 1083 1101
1085 1067 1065
1413 1103 1414
1413 1412 1085
1104 1413 1414
1104 1086 1413
1411 1067 1412
1411 1048 1067
1103 1085 1083
1103 1413 1085
1045 1042 1004
1014 996 1012
1063 1018 1016
1020 1022 1004
1065 1020 1018
1065 1067 1022
1065 1022 1020
1067 1048 1022
1042 1045 1043
1004 1022 1045
1002 1004 986
1043 1040 1042
986 984 1002
982 980 998
1039 986 1042
968 984 986
984 1000 1002
994 1010 1012
966 982 984
964 962 980
978 980 962
978 994 996
956 974 958
974 992 976
990 974 972
976 958 974
996 994 1012
776 732 774
992 990 1008
772 774 730
982 998 1000
980 978 996
998 996 1014
998 980 996
976 992 994
974 990 992
818 860 990
860 1051 1053
1055 860 1053
858 1073 1051
1057 860 1055
1051 1075 1053
1057 1055 1077
1057 1008 860
1093 1073 1071
1075 1051 1073
972 818 990
812 768 766
972 776 818
972 954 776
776 774 818
730 728 772
1051 860 858
818 774 816
990 860 1008
816 858 860
774 772 816
812 858 814
724 768 726
814 816 772
728 770 772
768 812 770
726 768 770
766 810 812
854 856 810
814 770 812
766 764 810
850 804 848
812 856 858
812 810 856
858 1071 1073
1069 1091 1071
858 1069 1071
856 1089 1069
808 854 810
1105 1107 854
856 1087 1089
854 1107 1087
808 806 852
1159 846 1177
1105 1127 1107
1105 852 1125
1111 1129 1131
1107 1127 1129
1097 1095 1115
1097 1077 1075
1099 1097 1117
1099 1079 1097
1097 1115 1117
1113 1131 1133
1129 1109 1107
1129 1111 1109
1135 1133 1153
1115 1113 1133
1137 1135 1155
1133 1131 1151
1155 1135 1153
1137 1117 1135
1153 1151 1171
1131 1129 1149
1131 1149 1151
1129 1147 1149
1151 1169 1171
1149 1167 1169
1127 1145 1147
1163 1143 1161
1105 1125 1127
1143 850 1141
852 1123 1125
852 850 1123
1123 1143 1145
1123 850 1143
1141 1161 1143
1181 1183 1163
1295 1293 1313
1217 1219 1199
1329 1331 1311
1313 1293 1311
1351 1331 1349
1313 1311 1331
1367 1349 1347
1367 1369 1349
1347 1329 1309
1349 1331 1329
1383 1365 1345
1329 1311 1309
1251 1249 1269
1287 1325 1307
1309 1291 1289
1311 1293 1291
1327 1309 1289
1327 1347 1309
1251 1253 1233
1273 1293 1275
1253 1251 1271
1233 1213 1231
842 840 1213
838 1249 1231
1197 1215 1217
1213 1233 1215
1273 1255 1253
1235 1237 1217
1237 1255 1257
1235 1253 1255
1271 1273 1253
1291 1293 1273
1295 1275 1293
1295 1277 1275
1179 1197 1199
1235 1255 1237
1239 1237 1257
1219 1217 1237
852 806 850
796 798 752
1181 1161 1179
848 846 1159
848 1161 1141
1159 1179 1161
1199 1197 1217
1179 1159 1177
850 806 804
808 810 764
680 722 724
678 720 722
808 764 762
766 722 764
718 762 764
804 758 802
848 804 802
806 762 760
848 802 846
804 806 760
718 716 762
756 754 800
758 760 714
760 762 716
716 714 760
712 710 756
758 756 802
758 712 756
798 844 800
802 756 800
800 844 846
794 792 838
1179 1177 1197
846 844 1177
794 840 796
1213 1215 1195
1197 1195 1215
844 842 1195
844 798 842
752 754 708
840 794 838
796 750 794
794 748 792
744 788 790
1231 840 838
842 796 840
754 798 800
796 842 798
672 714 716
670 712 714
752 706 750
708 664 706
796 752 750
798 754 752
706 704 750
746 790 792
660 658 704
704 658 702
750 704 748
706 662 704
654 698 700
740 694 738
652 696 698
694 736 738
652 694 696
746 744 790
742 788 744
702 746 748
700 744 746
832 834 788
788 742 786
698 742 744
740 786 742
1303 1323 1285
786 738 784
826 828 780
784 736 782
790 834 836
788 786 832
824 778 822
782 830 784
1303 1341 1323
1267 1249 836
838 792 836
834 1267 836
1251 1231 1249
1289 1269 1287
1289 1271 1269
1269 1267 1287
1269 1249 1267
1303 1285 832
1267 834 1285
1323 1305 1285
1287 1267 1285
1325 1287 1305
1307 1289 1287
1343 1325 1305
1345 1307 1325
1361 1323 1341
1343 1305 1323
1435 1434 1455
1363 1325 1343
830 1321 832
1432 1395 1393
1321 1303 832
1321 1341 1303
784 830 832
828 1339 830
782 828 830
826 1375 1357
830 1339 1321
828 826 1357
1393 824 822
826 778 824
1377 1357 1395
1339 828 1357
778 820 822
1432 1431 1452
1453 1452 1473
1537 1517 1516
1496 1475 1495
1453 1432 1452
1433 1432 1453
1393 1431 1432
1454 1453 1474
1454 1433 1453
1475 1455 1454
1434 1397 1433
1519 1498 1518
1454 1474 1475
1475 1476 1455
1499 1498 1519
1455 1434 1454
1379 1361 1341
1478 1499 1479
1401 1383 1363
1339 1377 1359
1357 1375 1395
1393 1395 1375
1433 1397 1395
1357 1377 1339
1395 1397 1377
1321 1359 1341
1377 1397 1359
1434 1399 1397
1361 1343 1323
1397 1399 1379
1363 1345 1325
1379 1399 1361
1383 1345 1363
1363 1381 1401
1363 1343 1381
1399 1401 1381
1437 1438 1405
1345 1365 1327
1365 1385 1347
1385 1367 1347
1385 1387 1367
1401 1403 1383
1405 1387 1385
1327 1365 1347
1383 1403 1365
1405 1403 1437
1385 1365 1403
1476 1477 1456
1458 1438 1437
1436 1437 1403
1458 1479 1459
1436 1457 1437
1497 1477 1476
1437 1457 1458
1436 1435 1456
1457 1478 1458
1500 1501 1480
1458 1478 1479
1496 1476 1475
1457 1477 1478
1456 1435 1455
1401 1399 1435
1381 1361 1399
1401 1435 1436
1399 1434 1435
1457 1456 1477
1457 1436 1456
1520 1499 1519
1478 1477 1498
1518 1538 1539
1583 1603 1604
1539 1540 1519
1583 1604 1584
1539 1560 1540
1602 1622 1623
1500 1499 1520
1478 1498 1499
1499 1500 1479
1521 1501 1500
1520 1541 1521
1563 1564 1543
1540 1520 1519
1521 1500 1520
1521 1541 1542
1520 1540 1541
1563 1583 1584
1562 1582 1583
1541 1562 1542
1584 1564 1563
1627 1606 1626
1604 1605 1584
1626 1606 1605
1626 1605 1625
1540 1560 1561
1603 1624 1604
1563 1562 1583
1563 1542 1562
1561 1560 1581
1559 1558 1579
1561 1581 1582
1623 1624 1603
1582 1602 1603
1603 1602 1623
1579 1558 1578
1602 1601 1622
1581 1560 1580
1602 1581 1601
1560 1539 1559
1560 1559 1580
1538 1518 1517
1601 1581 1580
1602 1582 1581
1497 1517 1518
1495 1474 1494
1498 1497 1518
1498 1477 1497
1497 1496 1517
1475 1474 1495
1515 1516 1495
1517 1496 1516
1537 1538 1517
1559 1539 1538
1558 1537 1557
1558 1538 1537
1496 1495 1516
1474 1473 1494
1515 1495 1494
1536 1516 1515
1537 1516 1536
1599 1579 1578
1537 1536 1557
1578 1558 1557
1559 1538 1558
1601 1600 1621
1601 1580 1600
1580 1579 1600
1580 1559 1579
1600 1599 1620
1600 1579 1599
