   1.0000000000000000     
   0.0000000000000000     
   0.0000000000000000     
   0.0000000000000000     
   0.0000000000000000     
   0.0000000000000000     
   0.0000000000000000     
   0.0000000000000000     
   0.0000000000000000     
   1.0000000000000000     
  0.48258695416771952     
  0.26930196566911185     
  0.16356785168136415     
  0.10294117647058824     
   6.4373324789224168E-002
   3.7683328448535357E-002
   1.7413045832280559E-002
   0.0000000000000000     
   1.0000000000000000     
  0.66104585100176616     
  0.43105305682736361     
  0.28202826458575642     
  0.18382352941176475     
  0.11686879423777305     
   6.8946943172636693E-002
   3.1968854880586900E-002
   0.0000000000000000     
   1.0000000000000000     
  0.73054339301198168     
  0.51183614605281924     
  0.34966862042253338     
  0.23345588235294115     
  0.15033137957746670     
   8.9266795123651363E-002
   4.1515430517430355E-002
   0.0000000000000000     
   1.0000000000000000     
  0.74929157499334065     
  0.53607951394939890     
  0.37135418869861631     
  0.25000000000000006     
  0.16173404659550136     
   9.6273427227071828E-002
   4.4826072065483127E-002
   0.0000000000000000     
   1.0000000000000000     
  0.73054339301198157     
  0.51183614605281924     
  0.34966862042253316     
  0.23345588235294118     
  0.15033137957746676     
   8.9266795123651418E-002
   4.1515430517430361E-002
   0.0000000000000000     
   1.0000000000000000     
  0.66104585100176616     
  0.43105305682736328     
  0.28202826458575625     
  0.18382352941176469     
  0.11686879423777310     
   6.8946943172636721E-002
   3.1968854880586914E-002
   0.0000000000000000     
   1.0000000000000000     
  0.48258695416771946     
  0.26930196566911169     
  0.16356785168136406     
  0.10294117647058823     
   6.4373324789224182E-002
   3.7683328448535378E-002
   1.7413045832280573E-002
   0.0000000000000000     
   1.0000000000000000     
   0.0000000000000000     
   0.0000000000000000     
   0.0000000000000000     
   0.0000000000000000     
   0.0000000000000000     
   0.0000000000000000     
   0.0000000000000000     
   0.0000000000000000     
