   1.9157482821422605     
 -0.86303652927906138     
  -15869.271012227162     
 -0.23959195552659437     
 -0.12977368214625234     
  -714.21489437243406     
  -4.1739637645835999E-002
  -4.3775036618276350E-002
   629.06606651880531     
 -0.49829125330057022     
  0.17393463250502658     
  -1201.1517721354094     
  0.12411113220171403     
  -6.6995046131694980E-003
   1072.4405088177537     
  -1.9038377650777035E-002
   4.0779851293090807E-002
   421.77798492060987     
   9.0669324264723586E-002
  -5.3524331051200739E-002
   935.48270519596394     
  -3.8056924220008496E-002
   4.1628381008448267E-003
   280.08608375714533     
   4.4426518050964597E-003
  -3.5951434392194018E-002
   259.64675964948805     
 -0.87217266714578245     
   1.9214437593663558     
  -15890.626258147733     
  0.14938769491424547     
 -0.49851561536701466     
  -481.00920384516871     
 -0.11237037476287187     
   3.5521685596709075E-002
   1009.3033920662440     
 -0.12925692714632583     
 -0.21721289119791129     
  -1511.0089513190783     
  -3.4060210310582484E-003
  0.12012093684501744     
   1080.8360865943559     
   6.9188502965727159E-003
   1.5352761259420362E-003
   580.87446232077878     
   1.5424056659694773E-002
   1.4962140975860502E-002
   375.07259764370184     
   3.6711350566234688E-003
  -2.1005227621785569E-002
   83.387437657646942     
  -4.1046184703533557E-002
   1.1298922591266721E-002
   238.92487848257895     
  0.99041303714936191     
   1.0003896031321191     
   17589.051885638124     
 -0.24107353700765230     
 -0.14137007701781273     
  -2741.4192384481275     
 -0.10746842059852874     
 -0.15363364313100428     
  -3.1614473113144457     
 -0.13777213012860112     
 -0.20107139064383858     
  -3868.5418468246812     
   3.3742103402349899E-002
   2.7413548934252123E-002
  -150.74631424035584     
  -6.0822961221353275E-004
   2.2873595853296205E-002
  -1.1791286826021505     
  -4.5702374126632972E-002
   1.0514113818153216E-002
   99.601494424993490     
  -5.8755669843949809E-003
  -7.6764805923990034E-003
  -195.83510243732132     
   4.8064312683236514E-003
   8.5661713189594743E-003
  -108.18299637313756     
   2.7103653384374739E-002
  0.38219939887896759     
   7290.3256579128429     
  0.92852744346446181     
  -6.5469841305087886E-002
  -1480.9123624115821     
 -0.13865897342715083     
 -0.26193179681183282     
  -2038.7632831674407     
  -9.3657981989284350E-002
  -1.5813661748242631E-002
   2637.2775590350529     
 -0.13372553689862243     
   5.7392772266776715E-003
  -489.11523280371551     
   6.6306828587602049E-002
  -1.1313084575845466E-003
   52.971634097881967     
  0.16310194918710344     
   8.6084066032835853E-003
   72.285493237554036     
  -4.9614483440468147E-003
   2.2510328670277942E-003
  -198.44340127302942     
  -3.1909090775854881E-002
   1.7061492740330853E-002
  -96.078485724341789     
  -4.1833987532166245E-002
 -0.45324839482631252     
  -176.72159262083701     
  -2.2735209632180689E-002
  0.68250293778864501     
  -6411.0524122421475     
 -0.13084108947391992     
 -0.66324644201525818     
  -3848.7953790167212     
  -7.5613279617071733E-002
 -0.14505629893207087     
  -2670.1474078105634     
  -3.7391409374694116E-002
 -0.15990263992021186     
  -2956.6074449189373     
   4.2162019718723617E-002
   4.7825376781422395E-002
  -1137.0166610669785     
   3.5851373082597206E-002
   2.0593455456452983E-002
  -127.44729853585494     
  -2.5595128598183817E-002
   1.6839377854408207E-002
  -830.54598899176483     
   6.5291858587033513E-002
   1.8254845336176669E-002
  -820.29846711775724     
   2.5490438994716470E-002
  0.10564790752544374     
   1685.7846161143168     
  0.19995896081332507     
  0.55739763047614788     
   7417.1208976728476     
  0.34268153089241066     
  0.42091629150677878     
   687.44154057093294     
  -8.0226563464526487E-002
 -0.20068513482733835     
  -529.16445107940172     
  -2.5322780062166081E-002
  -5.0102750997122789E-002
   562.61839084823896     
  -2.4543176502389945E-002
  -4.5765411409403198E-002
  -79.113681713514467     
   7.3070564036353869E-002
   1.7215305881454018E-002
   1354.5452316987144     
   3.2194882914833342E-002
  -2.4507358724079508E-002
   680.41581647040641     
   1.1702783803608074E-003
  -1.6832041948084311E-002
   295.08144530275450     
  -3.4872954190559809E-002
  -4.2183091224646418E-002
  -1562.2374825518573     
 -0.18126297752045831     
  0.21680798526551742     
   3900.2347428769408     
   1.2888815775813915     
  0.45888667205136979     
   4372.4612705300451     
   6.7572725291418934E-003
  -9.1845297923633981E-002
  -1796.6502403650022     
 -0.19470325967124222     
   1.1822284974243368E-003
   1619.0152688694834     
 -0.25054694747873035     
   3.6462668087420241E-002
   1080.6292900554977     
  -1.2298581984043048E-002
   3.0206653956018324E-002
   162.31037186415409     
  0.16128213425871896     
   2.9667053660274220E-003
   710.96429031779996     
   1.4675891423869561E-002
  -2.1941078494434413E-002
   349.15493925639703     
  -6.1914022389472304E-003
   6.3885516021193134E-002
   972.60700359304724     
   7.7990446427083429E-002
 -0.26035409113714592     
  -1546.1763618186274     
  0.37546721525094967     
   1.1813749341428039     
  -4880.7859989222352     
  -2.2492507040104408E-002
  0.14735518246865945     
  -979.31670084133418     
  -4.2868747943296592E-002
 -0.23101549894591558     
  -1795.1076401030796     
  0.17673722057637950     
 -0.33192942044416618     
  -2880.7438386168060     
  -8.0396778229741301E-003
  -6.2399370088763680E-002
   194.36028501156363     
  -9.8462103789798243E-003
  -1.6955785053770250E-002
   1071.2084028939294     
   3.5612552621920479E-002
  -2.9070950817497608E-003
   93.830665587591142     
  -1.8921903946938302E-002
  -5.7429653585739648E-002
  -1086.5972492378680     
 -0.12094435091573084     
   2.6711179590374251E-002
   400.61113534298829     
 -0.61731129756432079     
  0.80449591896207129     
   6813.7169882193857     
  -1.6370841300162094E-002
  -6.7770452474394983E-003
  -1203.9432702921069     
   5.7687884906520936E-002
   4.0265361120486322E-002
  -1998.4541563718744     
  -6.2179759001403198E-002
  -5.2599155874056114E-002
  -236.14096544558549     
  -4.2316766235770589E-002
  -2.5126176505001312E-002
  -943.13218317713415     
  -4.4917124025224096E-002
   3.1695841932691912E-002
  -1101.0780093960395     
   2.7404735264620977E-002
   4.9175511382837399E-002
  -204.37902373182717     
 -0.48332467450461897     
  -6.0488871233202277E-002
  -252.93880574414229     
 -0.17080999787268314     
  -7.9548537762955049E-002
  -2747.1903834638292     
  -4.2420019246163655E-002
   1.1551546513073590E-002
  -1074.2273574853148     
  0.68835265786933519     
   2.0325073752182243E-003
  -7759.6487014424511     
 -0.18224261103939660     
  -6.3872308432313479E-002
  -2878.6310478688220     
   2.7166113839459657E-002
  -6.1642384983845694E-002
  -1113.8721086866774     
 -0.49517431286992752     
   2.3451112278193128E-002
  -4154.7928191659821     
   8.4366724523833828E-002
   4.2036578779405163E-002
  -670.41492096429829     
   1.9212676107021015E-002
   5.1522773741305386E-002
  -764.09718697421431     
  0.36157976087027910     
   5.8719128702576359E-003
   7256.8184505522258     
   2.4407516885906616E-003
  -9.0023682891497814E-002
   1716.6568598534734     
   9.1035584046460810E-002
  0.25429022429848380     
  -24.604555874842227     
  -6.7774422842046628E-002
  0.91362301533295331     
  -1832.6757800758974     
  -2.3532923707123427E-002
 -0.15188265189662109     
  -427.92787963579002     
  -6.0724803854434969E-004
  -3.2109589236779555E-002
  -242.09493484400886     
 -0.21744541363917250     
 -0.12551498502364486     
  -2834.3336606499029     
   2.1543677307361907E-002
   7.7788393454337926E-002
   355.11496923409760     
   1.2993015399099998E-002
  -4.4175632320743674E-002
   1.5712916193595114     
  0.17127780416011470     
   6.4279903892071097E-002
   1310.7536323224492     
 -0.19095948762364590     
  -7.8866769801558295E-002
   37.917179398288120     
  -1.4751436819191024E-002
   1.4307958652571015E-002
   861.23704557142821     
  0.55293937842905760     
  0.12334177923829673     
   10668.267857190540     
   4.8021312730812254E-002
   8.2294030442567917E-002
   606.99711548011874     
  -2.1007880855429730E-002
   7.2344753612287932E-003
   261.34671178711926     
   9.8236230200245467E-002
   3.4764980855048706E-002
   388.68288365930272     
  -2.9059516574632710E-002
  -1.1659368978028887E-002
  -227.38927665391103     
  -2.7999770234431679E-003
   1.1034713481170385E-002
   97.123438606983697     
  0.10960311296424693     
  -3.2650880906756143E-002
  -589.45683625705897     
 -0.12308365975556557     
   8.2618416752813471E-003
   200.62103944266076     
   9.0068860378245158E-002
  -1.6211513494738861E-002
  -2422.0211305167441     
   2.8406494614198894E-002
   1.8379215750011568E-002
   3464.6433165566546     
  0.59277395517683573     
   5.0014446837068363E-002
  -792.98448068923290     
  -1.9059280263218854E-002
  -7.9975201187016259E-002
  -2447.8449176345075     
  -1.4953301437249088E-002
  -3.5295096923589696E-002
   1813.2601279936453     
 -0.19586488896888113     
  -4.3420947862998757E-002
  -956.38685116992758     
  0.17347354701668266     
   1.5837235485560777E-002
  -461.84213623826815     
  -3.9631098088434007E-002
   8.5609010364073646E-002
  -781.77991269577467     
   3.5220531139668464E-002
   3.2303145833203699E-002
   2298.8452866976577     
   5.4270549115039202E-002
   9.7382381121796202E-002
   999.94778547179465     
   7.0078393083378180E-003
 -0.15945466853494433     
   676.58287929034339     
   4.5008769747610609E-002
  0.59151614455863111     
  -717.46852357072964     
  -4.2535576152392972E-002
 -0.17606387566612358     
  -1015.7851932107301     
  -9.2117065478628080E-002
  -1.8830716944016015E-002
  -3230.2386445693296     
  -7.7437668423380637E-002
  -1.2832570308262594E-002
  -2726.8788306874017     
   2.1183096536552964E-002
  0.18397856241562591     
  -648.31876668003088     
  0.10062518705354113     
  0.12062523576165016     
  -536.42025928752548     
 -0.11329944305843109     
  0.12667980234804971     
   5890.0660809537321     
   6.9752887427772622E-002
   2.7745247803152521E-002
   5897.6061275712118     
  0.11483712264991280     
  -9.4319655562287885E-002
   4473.6139724863842     
   6.7342911402489825E-002
   6.8452112288400091E-002
   8776.8872477068016     
  -7.9842154145221528E-002
  0.26001560706757249     
   4915.5605907404806     
   6.4231775993323761E-002
   6.6532190407679534E-002
   4057.8045877449622     
  0.11792856884432874     
  -6.5924368673540748E-002
   3555.5329409652991     
 -0.20291939921243859     
 -0.17890466971123045     
   2209.6282613385169     
   2.1819399099346999E-002
   5.4463346403580110E-002
   213.25407776401536     
   1.5957936069863809E-003
   3.4646245927227280E-002
   1927.7966135916554     
 -0.64295804663048939     
  -3.7444323879939422E-002
   5471.2801327937614     
   3.1700119065971165E-002
  -1.5694277476534003E-002
   908.87765861807929     
 -0.15335626510452977     
  -4.0173767175844963E-002
   4408.2888502911219     
  0.77415600329073053     
  0.20924064050620478     
   6040.6575088326917     
   2.9993036125384318E-002
   1.1504497488932902E-002
   1015.0925927582815     
 -0.12220049859002281     
   2.2408783352600033E-003
   3029.2197052342622     
 -0.58296456533418439     
 -0.13685146104147239     
   2383.5021150706166     
   2.9479753131478655E-002
  -3.8255966239102004E-002
  -482.20532370917078     
  -7.6855507547198956E-002
   6.3727402584284845E-002
   411.81811020852399     
 -0.19550285564043643     
  -3.5119793901034146E-002
   2827.7319894160910     
   1.0643470960756221E-002
  -1.2501701862146351E-002
   772.59781049250023     
   5.4214796460425339E-002
  -9.3700929707153366E-002
   907.16725198747133     
   2.8504710510076928E-002
   1.1440602716476274     
   546.28119468613147     
   8.3087710515984597E-002
  0.23018434181298941     
   30.324886347472873     
  -5.2375446207696683E-004
  -1.5700482579357102E-002
  -2483.0566135052645     
  0.22530850531108390     
  -9.7664996747667210E-002
  -3677.4788928596467     
   1.5280969842282064E-002
  -9.2471280754247275E-003
   233.13012847058894     
  -1.4222951404270737E-003
   3.8784083291504762E-002
   31.153256622156636     
 -0.52252788456772425     
 -0.35056510803257990     
   2742.5506009051214     
   1.8968701928744232E-002
   6.9581021654914268E-003
   448.38792676728781     
  -7.1177856233227463E-002
 -0.11318471871695041     
   2108.9825243898963     
 -0.43510423161318801     
  0.19927354567427069     
   7108.4996906596452     
   5.9303192469226017E-002
  -1.0993215362093361E-002
   1702.0865489492339     
  0.11064100302391716     
  0.11118771433378781     
   1280.8464063279246     
 -0.22066258079171092     
 -0.10103912140900319     
   2510.5261051392431     
   5.6271595107907121E-002
  -1.1009962507127923E-002
   623.84016208368234     
  0.14375456581637353     
  -1.6576159284092652E-002
  -1140.1082407426040     
 -0.10591085911467868     
  -3.5036708753587206E-002
  -377.51568978551501     
 -0.26251126433180655     
   3.8069668372011936E-002
  -1253.8808108840021     
 -0.21620139187424947     
  -1.3459306619999835E-002
  -1715.7087255265903     
  -2.4695013913607230E-002
  -1.4809873492310544E-002
   369.48030351538023     
   1.1191743781116466     
  0.26515957281258079     
  -6517.0733159452875     
 -0.27640969970685458     
  0.18850652252839634     
  -3173.0416593524910     
   2.8039941410855411E-002
   5.6312782388704422E-002
  -400.30622930936062     
  -7.5562727071849150E-003
  -6.2082353790859600E-003
  -1440.7211269204893     
 -0.10248427026994715     
   1.8375727800109159E-003
  -822.98249557582449     
  -3.8304797468004630E-002
 -0.10189091026233447     
   510.48651512054658     
  0.21899837358773608     
 -0.16637607952551056     
   4744.0960208790020     
   3.7659278963459109E-002
 -0.17164683795426008     
   1513.4653687292000     
   5.3740371744985293E-003
  0.18848980496884304     
   830.00735616151576     
  0.37026984849592570     
   1.2508051461513729     
   5779.5971015609457     
   5.2027281886043867E-003
 -0.26631219910132353     
   794.33897337034182     
  -2.0616276959462283E-002
   2.6278575012557891E-002
   310.67917293215788     
  -2.3800851319409531E-002
  -2.7189212491973067E-002
  -434.04240007738770     
   8.1658466101221634E-005
  -3.7982421650660146E-002
  -1857.5074278098450     
  -3.6549315317067538E-002
  -3.3524734063383917E-002
  -1608.7211344866305     
   4.5574707792948935E-002
  -4.8488489754860545E-002
   920.53642704942752     
   1.7514757609135505E-002
  -8.1263201570669352E-003
  -2263.7839733566152     
   4.8104992541295410E-002
  -6.6979904613714544E-002
  -1373.1089906137697     
  0.82279459886303119     
 -0.46895475743086662     
   12035.866070935277     
  -3.5012759137592546E-002
 -0.12246031418047447     
   351.00235029298824     
   5.1193220178221942E-002
   2.3152535787579323E-002
  -40.887079873619882     
  -3.6983894071839399E-002
   2.7665740020698146E-002
  -259.24524809429482     
  -1.4060964848349749E-002
   7.1240070984673835E-003
   811.49353661409293     
  0.28193481611675458     
  0.12963757255369882     
   278.75309476586631     
   6.5037208860485529E-002
  -4.5897720031770083E-002
   20.430122682902386     
 -0.10516459036435116     
   2.6635309304729848E-002
   867.25785171769905     
  -7.1506891743892045E-003
   4.1227549486964880E-002
  -1658.5705904476240     
   5.4917126388332148E-003
 -0.12582522528514231     
   3848.1562274290404     
   1.0679567423400091     
   1.9089882823557051E-002
   430.32864730407420     
 -0.12673889759140902     
  0.21688448252075759     
  -3331.2584531211637     
   4.5641722793331230E-002
   3.6981104683424255E-002
   478.85874624956290     
  -2.7927717599142157E-002
   2.9839246433490306E-002
   1861.4795490273664     
  -2.4212493476451265E-002
  -3.1227632513890321E-002
   2162.1149082530715     
   3.3731904655621398E-002
   4.7547312678211953E-002
   776.32414080080378     
  -5.7707264946697943E-002
 -0.17346843098139178     
   4351.8687355217171     
   9.1351385615953847E-004
 -0.12942230675918631     
   3517.5012358690146     
  0.10281123474745923     
 -0.48145988468073458     
   5953.7666435616829     
  0.17717526274865980     
  0.77301878951830905     
   6336.3887230674754     
 -0.15830812229681945     
 -0.60253537440638449     
   2771.2010834457715     
  -1.3506340466401002E-002
   2.5038525573474042E-002
   300.41283198670072     
  -6.7812209443043692E-003
   1.3140827017352755E-002
   1046.7383154878730     
  -2.9889673284686957E-002
   3.1937293161745289E-002
   1669.6009295860320     
   3.9513930788415710E-002
   2.1850716473219789E-002
  -540.24092943349262     
 -0.11267815658564286     
  -6.7812706676766227E-002
   2204.2597712027373     
  0.12915445196566050     
   6.6488953464124718E-003
   1616.5795182185950     
 -0.18488837177117406     
 -0.33732370806737622     
   2862.9618146362259     
  0.20464031540765265     
 -0.41858736025315602     
   8465.5682853927392     
 -0.14128715626149402     
 -0.28207635703560435     
   3348.7294625260279     
  -2.0128744860194465E-003
  -4.6191514548497750E-002
   308.62181510807636     
   1.7354986328478778E-002
  -1.0518325880580303E-002
  -1543.3781388392231     
  -3.8302087722785212E-002
 -0.23208889613058784     
  -1998.0022660858469     
  -3.4933055583866349E-002
   4.9460720337879224E-002
  -906.58078307279766     
   6.4513579165114535E-002
  -5.3817792688091864E-002
  -1844.6416960964166     
 -0.69754880471288205     
 -0.16731726792625232     
   1401.3900910332993     
 -0.12491208973279369     
  -7.8644586801140878E-002
  -1447.9461763014642     
 -0.43197626818828649     
 -0.32342454302302909     
   2610.1161244261903     
   2.2364331717523820     
 -0.57364793958342541     
   8037.2377009711918     
  -4.7141658609724253E-002
  -4.4978095394484869E-003
   287.34024490899196     
   6.3506446067618821E-002
  -3.6408964769509104E-002
  -1310.4207258907206     
 -0.10900948588932563     
 -0.15286786950750647     
  -1617.7133047851751     
  -8.7598332904762870E-003
   1.1535957419909187E-003
  -1216.2190499648316     
  -6.2975607829947738E-002
   7.2963528420283058E-002
  -1836.1708689210245     
 -0.32883837285173145     
 -0.54933005554633796     
   1561.2671459789178     
 -0.20008551688634688     
  -1.0169290804878078E-002
  -2008.3177332613077     
  -4.7556629974230442E-002
 -0.69128903772750172     
   2413.0822003263002     
 -0.55188938043233393     
   2.2163925276220069     
   8016.8265560338359     
  -1.7762047976187616E-002
  -2.4356652978170749E-002
  -57.503889675174399     
   2.6749527958347397E-002
  -3.4659640373718201E-002
  -1368.2263440208656     
  0.18776246986092462     
   8.6075238201039680E-003
  -2951.8197773338320     
  -3.6119645039099584E-002
   2.3097621679418921E-003
  -644.86119754496326     
   7.6011921474512203E-002
   8.0038065838563752E-002
  -2992.8311043386007     
 -0.21760451960372185     
 -0.27613752655571661     
  -2738.5637282072853     
  -5.3026869258415557E-002
  0.12206467539543181     
  -2927.4681920001881     
 -0.24741977553293878     
 -0.21387319346545780     
  -2515.0507913797242     
 -0.50201431755846171     
 -0.50628735211117371     
   6747.3718630645681     
