528
3
31 38 32
276 272 263
35 42 75
7 14 69
195 193 187
183 189 181
6 14 7
24 23 30
92 94 76
21 14 6
68 66 82
71 85 69
1 64 66
27 26 34
21 6 13
56 48 55
21 71 14
74 29 72
103 105 123
128 130 110
141 161 139
242 236 244
278 262 264
222 228 220
66 64 82
254 260 159
166 223 168
272 258 271
106 108 90
288 279 287
144 146 126
22 70 72
1 68 8
26 25 33
2 8 15
8 70 15
84 86 70
22 23 16
74 90 76
86 104 88
209 210 207
188 182 186
96 80 78
134 132 152
193 195 201
182 188 205
201 195 216
9 16 10
4 10 11
17 16 23
36 76 43
25 24 31
44 43 78
176 174 180
99 117 115
51 80 52
48 49 41
53 52 59
97 113 95
54 55 47
65 7 67
20 12 19
11 18 19
20 19 27
129 127 109
105 107 125
91 107 89
77 49 79
81 54 63
79 97 95
203 202 205
159 137 139
50 51 44
182 180 186
151 131 133
113 97 115
208 211 209
209 211 212
169 151 171
181 117 99
171 220 218
193 199 153
220 226 218
149 131 151
115 133 113
151 169 149
224 167 169
147 127 129
167 165 145
123 121 103
137 159 157
269 240 268
260 254 262
163 141 143
260 279 280
296 287 295
242 163 236
163 143 165
161 141 163
165 230 236
250 248 242
236 230 238
250 256 248
248 254 161
231 233 225
228 226 220
286 285 294
286 277 285
194 200 211
116 180 174
134 152 186
150 130 148
199 193 201
212 210 209
192 152 170
215 265 216
146 148 128
215 216 213
124 144 126
227 233 267
261 247 253
243 235 241
142 164 144
233 268 267
160 162 140
158 259 253
243 249 251
124 126 108
154 259 156
120 140 122
2 1 8
9 2 15
1 66 68
84 68 82
70 8 68
12 4 11
2 9 3
15 16 9
31 30 37
15 22 16
44 37 43
72 29 22
36 30 29
29 30 23
36 37 30
23 22 29
15 70 22
68 84 70
74 36 29
70 86 72
88 90 74
100 84 82
86 88 72
100 86 84
88 74 72
100 102 86
44 78 50
104 106 88
110 112 94
118 138 140
86 102 104
122 140 142
122 104 102
124 108 106
88 106 90
104 124 106
114 96 112
128 126 146
148 130 128
132 112 130
112 110 130
108 126 128
74 76 36
90 92 76
108 92 90
94 78 76
108 110 92
96 98 80
92 110 94
108 128 110
78 94 96
112 96 94
96 114 98
174 98 116
98 114 116
112 132 114
132 134 114
134 180 116
180 134 186
116 114 134
135 117 187
206 207 204
205 188 208
186 192 188
206 208 209
188 194 208
61 53 60
202 176 182
202 182 205
176 180 182
57 52 80
54 47 46
59 52 58
60 53 59
36 43 37
76 78 43
80 50 78
51 45 44
80 51 50
52 45 51
58 52 57
11 10 17
3 9 10
11 17 18
10 16 17
17 24 18
17 23 24
3 10 4
25 18 24
24 30 31
46 39 45
31 37 38
38 44 45
38 37 44
32 25 31
19 26 27
39 32 38
40 41 33
32 33 25
32 39 40
45 39 38
40 33 32
47 40 39
47 55 48
52 46 45
47 39 46
47 48 40
79 95 77
93 77 95
41 40 48
91 77 93
42 41 49
4 12 5
11 19 12
18 25 26
34 26 33
19 18 26
77 42 49
34 33 41
5 12 13
21 13 20
6 5 13
35 73 28
13 12 20
83 65 67
27 35 28
69 67 7
71 69 14
85 101 83
28 73 71
85 83 69
87 73 89
71 21 28
69 83 67
73 87 71
87 101 85
20 28 21
20 27 28
34 35 27
42 77 75
34 42 35
34 41 42
73 75 89
73 35 75
48 56 79
55 54 81
48 79 49
56 81 79
75 77 91
111 113 131
71 87 85
89 105 87
75 91 89
129 111 131
87 103 101
91 93 109
109 127 125
103 87 105
89 107 105
93 95 111
129 109 111
107 91 109
93 111 109
95 113 111
193 135 187
133 115 135
193 153 135
131 113 133
149 129 131
109 125 107
210 189 183
99 115 97
187 117 181
135 115 117
187 189 195
187 181 189
54 62 63
54 53 61
79 81 97
56 55 81
177 183 175
81 99 97
175 181 99
46 53 54
46 52 53
62 54 61
203 206 204
205 206 203
208 206 205
207 177 204
209 207 206
183 177 207
210 183 207
181 175 183
210 212 213
211 214 212
210 213 189
212 215 213
214 200 221
222 220 199
265 222 216
199 171 153
217 170 168
266 228 222
166 148 146
230 232 238
216 222 201
265 266 222
267 228 266
234 226 228
267 234 228
267 268 234
213 195 189
213 216 195
133 153 151
133 135 153
222 199 201
171 151 153
220 171 199
218 169 171
149 147 129
125 123 105
169 167 149
145 127 147
167 145 147
143 123 125
145 125 127
141 139 119
145 143 125
121 119 103
141 121 123
141 119 121
103 119 101
157 260 155
165 143 145
141 123 143
167 230 165
238 240 246
139 137 119
218 226 169
226 232 224
226 224 169
226 234 232
149 167 147
224 230 167
224 232 230
234 240 232
236 163 165
242 248 161
244 250 242
254 159 161
278 279 262
254 248 262
242 161 163
159 139 161
289 290 281
157 159 260
157 155 137
260 280 155
280 289 281
298 299 290
280 279 288
260 262 279
289 280 288
281 155 280
297 289 288
298 290 289
289 297 298
288 287 296
238 246 244
277 278 264
286 278 277
287 279 278
297 288 296
236 238 244
232 240 238
252 250 244
256 262 248
271 258 252
264 256 258
258 256 250
264 262 256
269 246 240
240 234 268
245 270 269
252 244 246
271 270 251
252 246 270
271 252 270
258 250 252
272 271 257
272 264 258
263 272 257
277 264 272
287 286 295
287 278 286
243 241 249
251 270 245
239 269 268
270 246 269
237 243 245
257 271 251
255 261 263
276 277 272
275 274 283
285 277 276
286 294 295
273 259 154
148 166 168
229 237 231
166 229 223
235 162 241
268 233 239
229 164 235
265 221 266
239 237 245
223 231 225
223 229 231
266 227 267
239 245 269
231 239 233
231 237 239
221 200 198
214 211 200
219 221 198
265 214 221
221 227 266
225 233 227
188 192 194
150 148 168
208 194 211
192 198 194
219 198 170
200 194 198
215 214 265
215 212 214
186 152 192
132 130 150
152 150 170
152 132 150
217 219 170
198 192 170
225 168 223
170 150 168
225 217 168
225 227 219
225 219 217
227 221 219
144 166 146
164 229 166
160 247 241
249 255 257
162 160 241
255 263 257
251 249 257
241 247 249
162 164 142
164 166 144
124 142 144
140 162 142
229 235 237
164 162 235
245 243 251
237 235 243
100 118 102
122 142 124
104 122 124
102 120 122
118 120 102
118 140 120
138 158 160
136 138 118
136 158 138
156 158 136
138 160 140
158 253 160
275 284 276
259 158 156
156 136 154
273 274 259
284 285 276
160 253 247
259 274 261
247 255 249
253 259 261
263 261 275
255 247 261
263 275 276
261 274 275
293 284 292
293 285 284
283 274 282
294 285 293
282 274 273
292 284 283
291 283 282
284 275 283
292 283 291
