   1.0000000000000000     
   0.0000000000000000     
   0.0000000000000000     
   0.0000000000000000     
   0.0000000000000000     
   0.0000000000000000     
   0.0000000000000000     
   0.0000000000000000     
   0.0000000000000000     
   0.0000000000000000     
   0.0000000000000000     
   0.0000000000000000     
   0.0000000000000000     
   0.0000000000000000     
   0.0000000000000000     
   0.0000000000000000     
   1.0000000000000000     
   0.0000000000000000     
   1.0000000000000000     
   0.0000000000000000     
  -6.0431518674521101     
  -6.0431518674521101     
   2.4834152595077001     
   2.4834152595077001     
   2.3975091811627345     
   2.3975091811627345     
 -0.24122950893786044     
 -0.24122950893786044     
  -8.1307625596548938     
  -8.1307625596548938     
  0.87558133814822559     
  0.87558133814822559     
  -5.9304141567996096     
  -5.9304141567996096     
   1.0000000000000000     
   0.0000000000000000     
   1.0000000000000000     
   0.0000000000000000     
  -1.1765968775666256     
  -1.1765968775666256     
  -1.6428512864915779     
  -1.6428512864915779     
  -7.8850036764356108     
  -7.8850036764356108     
  0.63680661724303134     
  0.63680661724303134     
   18.580033518007344     
   18.580033518007344     
  -42.714927889445107     
  -42.714927889445107     
   29.326807987537215     
   29.326807987537215     
   1.0000000000000000     
   0.0000000000000000     
   1.0000000000000000     
   0.0000000000000000     
   2.8529088246592602     
   2.8529088246592602     
  -12.966791111535390     
  -12.966791111535390     
  -21.961183518994520     
  -21.961183518994520     
  -35.917491280919990     
  -35.917491280919990     
  -70.780941555054724     
  -70.780941555054724     
   187.30517244973896     
   187.30517244973896     
  -134.17932381478070     
  -134.17932381478070     
   1.0000000000000000     
   0.0000000000000000     
   1.0000000000000000     
   0.0000000000000000     
  -14.433354430707112     
  -14.433354430707112     
   8.3845591909557644     
   8.3845591909557644     
   10.022364096425191     
   10.022364096425191     
   22.176952541575904     
   22.176952541575904     
  -90.944172407734683     
  -90.944172407734683     
   5.1830175136322190     
   5.1830175136322190     
  -3.7299094601295826     
  -3.7299094601295826     
   1.0000000000000000     
   0.0000000000000000     
   1.0000000000000000     
   0.0000000000000000     
 -0.97138448594693139     
 -0.97138448594693139     
  0.22206911379921612     
  0.22206911379921612     
  -20.724177946722534     
  -20.724177946722534     
   8.1520591528633499     
   8.1520591528633499     
  -11.468363712313529     
  -11.468363712313529     
   2.1274338038107845     
   2.1274338038107845     
  -1.9157757622857141     
  -1.9157757622857141     
   1.0000000000000000     
   0.0000000000000000     
   1.0000000000000000     
   0.0000000000000000     
   8.9299909616782660     
   8.9299909616782660     
   3.1109953279923150     
   3.1109953279923150     
  -4.4543604997816839     
  -4.4543604997816839     
   5.5292324764945633     
   5.5292324764945633     
  -1.8183000692240436     
  -1.8183000692240436     
   1.4676185491177685     
   1.4676185491177685     
  -4.0772926435661478     
  -4.0772926435661478     
   1.0000000000000000     
   0.0000000000000000     
   1.0000000000000000     
   0.0000000000000000     
  -6.8322045584243440     
  -6.8322045584243440     
   6.7281382800329812     
   6.7281382800329812     
  -3.3431828693735031     
  -3.3431828693735031     
   5.3510781195418931     
   5.3510781195418931     
  -4.6643493580134665     
  -4.6643493580134665     
   7.3425329471878964     
   7.3425329471878964     
  -3.6654916364215953     
  -3.6654916364215953     
   1.0000000000000000     
   0.0000000000000000     
   1.0000000000000000     
   0.0000000000000000     
   0.0000000000000000     
   0.0000000000000000     
   0.0000000000000000     
   0.0000000000000000     
   0.0000000000000000     
   0.0000000000000000     
   0.0000000000000000     
   0.0000000000000000     
   0.0000000000000000     
   0.0000000000000000     
   0.0000000000000000     
   0.0000000000000000     
   0.0000000000000000     
   0.0000000000000000     
   1.0000000000000000     
   0.0000000000000000     
   1.0000000000000000     
   0.0000000000000000     
   0.0000000000000000     
   0.0000000000000000     
   0.0000000000000000     
   0.0000000000000000     
   0.0000000000000000     
   0.0000000000000000     
   0.0000000000000000     
   0.0000000000000000     
   0.0000000000000000     
   0.0000000000000000     
   0.0000000000000000     
   0.0000000000000000     
   0.0000000000000000     
   0.0000000000000000     
   1.0000000000000000     
   0.0000000000000000     
   1.0000000000000000     
   0.0000000000000000     
  -96.445448017008843     
  -96.445448017008843     
   7.8242352219721409     
   7.8242352219721409     
   64.257361993646896     
   64.257361993646896     
  -37.872136677793222     
  -37.872136677793222     
  -4.5047815318319131     
  -4.5047815318319131     
   377.52573365631883     
   377.52573365631883     
   99.034342219084749     
   99.034342219084749     
   1.0000000000000000     
   0.0000000000000000     
   1.0000000000000000     
   0.0000000000000000     
  -213.87613276991220     
  -213.87613276991220     
   241.04005499521054     
   241.04005499521054     
  -482.56383339817404     
  -482.56383339817404     
  -5061.6923355610534     
  -5061.6923355610534     
   7080.2547038744196     
   7080.2547038744196     
  -5567.1281344676481     
  -5567.1281344676481     
   4231.1497570669926     
   4231.1497570669926     
   1.0000000000000000     
   0.0000000000000000     
   1.0000000000000000     
   0.0000000000000000     
   2831.8838511848853     
   2831.8838511848853     
   1563.5606688760495     
   1563.5606688760495     
  -12866.937645922968     
  -12866.937645922968     
   941.52814347039111     
   941.52814347039111     
   587.24561314708785     
   587.24561314708785     
  -13.225990264371424     
  -13.225990264371424     
  -297.37090370609263     
  -297.37090370609263     
   1.0000000000000000     
   0.0000000000000000     
   1.0000000000000000     
   0.0000000000000000     
   165.98903018989441     
   165.98903018989441     
   8021.1214065486874     
   8021.1214065486874     
  -111.80185574412144     
  -111.80185574412144     
  -12629.537876750093     
  -12629.537876750093     
   2926.9327616505852     
   2926.9327616505852     
  -330.09804843706115     
  -330.09804843706115     
  -1396.6102606782699     
  -1396.6102606782699     
   1.0000000000000000     
   0.0000000000000000     
   1.0000000000000000     
   0.0000000000000000     
   4729.3014939308368     
   4729.3014939308368     
  -934.97419778418555     
  -934.97419778418555     
   2336.6755585376341     
   2336.6755585376341     
  -521.43016236832466     
  -521.43016236832466     
   258.79169239660752     
   258.79169239660752     
  -99.806607713786235     
  -99.806607713786235     
  -167.78269236301469     
  -167.78269236301469     
   1.0000000000000000     
   0.0000000000000000     
   1.0000000000000000     
   0.0000000000000000     
  -332.11893730321941     
  -332.11893730321941     
   450.28050884688940     
   450.28050884688940     
   83.354397075333637     
   83.354397075333637     
   2166.2565064499695     
   2166.2565064499695     
  -1327.0797977129248     
  -1327.0797977129248     
   67.469541721198198     
   67.469541721198198     
   292.24903412239581     
   292.24903412239581     
   1.0000000000000000     
   0.0000000000000000     
   1.0000000000000000     
   0.0000000000000000     
  -61.262219549571661     
  -61.262219549571661     
   8.9262127046726754     
   8.9262127046726754     
   642.67743846420740     
   642.67743846420740     
   116.25528110447881     
   116.25528110447881     
  -66.971647612104249     
  -66.971647612104249     
   34.727359368177524     
   34.727359368177524     
  -2110.4156091742898     
  -2110.4156091742898     
   1.0000000000000000     
   0.0000000000000000     
   1.0000000000000000     
   0.0000000000000000     
   0.0000000000000000     
   0.0000000000000000     
   0.0000000000000000     
   0.0000000000000000     
   0.0000000000000000     
   0.0000000000000000     
   0.0000000000000000     
   0.0000000000000000     
   0.0000000000000000     
   0.0000000000000000     
   0.0000000000000000     
   0.0000000000000000     
   0.0000000000000000     
   0.0000000000000000     
   1.0000000000000000     
   0.0000000000000000     
   1.0000000000000000     
   0.0000000000000000     
   0.0000000000000000     
   0.0000000000000000     
   0.0000000000000000     
   0.0000000000000000     
   0.0000000000000000     
   0.0000000000000000     
   0.0000000000000000     
   0.0000000000000000     
   0.0000000000000000     
   0.0000000000000000     
   0.0000000000000000     
   0.0000000000000000     
   0.0000000000000000     
   0.0000000000000000     
   1.0000000000000000     
   0.0000000000000000     
   1.0000000000000000     
   0.0000000000000000     
  -99.104797395045267     
  -99.104797395045267     
   9.6783828292426080     
   9.6783828292426080     
   106.71321520272022     
   106.71321520272022     
  -51.582249910578227     
  -51.582249910578227     
  -111.72989271572224     
  -111.72989271572224     
   539.66248354674053     
   539.66248354674053     
   21.017284291477853     
   21.017284291477853     
   1.0000000000000000     
   0.0000000000000000     
   1.0000000000000000     
   0.0000000000000000     
  -78.960115933563628     
  -78.960115933563628     
   113.07362164985371     
   113.07362164985371     
  -2212.4920674805376     
  -2212.4920674805376     
  -5081.9853939249442     
  -5081.9853939249442     
   7093.6560883468355     
   7093.6560883468355     
  -5578.0935053889298     
  -5578.0935053889298     
   4223.8334387084305     
   4223.8334387084305     
   1.0000000000000000     
   0.0000000000000000     
   1.0000000000000000     
   0.0000000000000000     
   1865.9207308949422     
   1865.9207308949422     
  -5671.8466725740291     
  -5671.8466725740291     
  -12844.153919908289     
  -12844.153919908289     
   1226.3795493327152     
   1226.3795493327152     
   242.31045234839613     
   242.31045234839613     
  -20.372341202530194     
  -20.372341202530194     
  -238.89110960278308     
  -238.89110960278308     
   1.0000000000000000     
   0.0000000000000000     
   1.0000000000000000     
   0.0000000000000000     
   1149.9346652370100     
   1149.9346652370100     
   8340.2546090213873     
   8340.2546090213873     
   50.986265515777220     
   50.986265515777220     
  -12725.903246895399     
  -12725.903246895399     
   3027.9690308910695     
   3027.9690308910695     
  -430.50311310645242     
  -430.50311310645242     
  -1662.4071333175270     
  -1662.4071333175270     
   1.0000000000000000     
   0.0000000000000000     
   1.0000000000000000     
   0.0000000000000000     
   5411.8827924538900     
   5411.8827924538900     
  -2028.8244513135189     
  -2028.8244513135189     
   2224.3640665358866     
   2224.3640665358866     
  -578.94293824055444     
  -578.94293824055444     
   268.04483391481654     
   268.04483391481654     
  -550.93995412323966     
  -550.93995412323966     
   198.84007633137961     
   198.84007633137961     
   1.0000000000000000     
   0.0000000000000000     
   1.0000000000000000     
   0.0000000000000000     
  -398.40119389257558     
  -398.40119389257558     
   518.17157334255546     
   518.17157334255546     
   82.190945392024304     
   82.190945392024304     
   2165.8059340989739     
   2165.8059340989739     
  -1373.1121962549714     
  -1373.1121962549714     
   305.42265699915458     
   305.42265699915458     
   321.02488000871489     
   321.02488000871489     
   1.0000000000000000     
   0.0000000000000000     
   1.0000000000000000     
   0.0000000000000000     
  -60.573382373929491     
  -60.573382373929491     
   9.1108123368474700     
   9.1108123368474700     
   2083.9199860765234     
   2083.9199860765234     
   774.46551144495345     
   774.46551144495345     
  -92.706604801369082     
  -92.706604801369082     
   71.436676124990569     
   71.436676124990569     
  -2197.5150283190019     
  -2197.5150283190019     
   1.0000000000000000     
   0.0000000000000000     
   1.0000000000000000     
   0.0000000000000000     
   0.0000000000000000     
   0.0000000000000000     
   0.0000000000000000     
   0.0000000000000000     
   0.0000000000000000     
   0.0000000000000000     
   0.0000000000000000     
   0.0000000000000000     
   0.0000000000000000     
   0.0000000000000000     
   0.0000000000000000     
   0.0000000000000000     
   0.0000000000000000     
   0.0000000000000000     
   1.0000000000000000     
   0.0000000000000000     
   1.0000000000000000     
   0.0000000000000000     
   0.0000000000000000     
   0.0000000000000000     
   0.0000000000000000     
   0.0000000000000000     
   0.0000000000000000     
   0.0000000000000000     
   0.0000000000000000     
   0.0000000000000000     
   0.0000000000000000     
   0.0000000000000000     
   0.0000000000000000     
   0.0000000000000000     
   0.0000000000000000     
   0.0000000000000000     
   1.0000000000000000     
   0.0000000000000000     
   1.0000000000000000     
   0.0000000000000000     
  -101.08135855185701     
  -101.08135855185701     
   17.010631618889335     
   17.010631618889335     
   1632.8510730124908     
   1632.8510730124908     
  -85.400798646824171     
  -85.400798646824171     
  -240.39827243265293     
  -240.39827243265293     
   692.13942648413638     
   692.13942648413638     
  -36.328399201659195     
  -36.328399201659195     
   1.0000000000000000     
   0.0000000000000000     
   1.0000000000000000     
   0.0000000000000000     
   161.13986444842828     
   161.13986444842828     
   82.011625193103853     
   82.011625193103853     
  -3531.7580773174054     
  -3531.7580773174054     
  -5101.4345125125401     
  -5101.4345125125401     
   7104.7044396359624     
   7104.7044396359624     
  -5589.0600527218403     
  -5589.0600527218403     
   4219.8625062115680     
   4219.8625062115680     
   1.0000000000000000     
   0.0000000000000000     
   1.0000000000000000     
   0.0000000000000000     
   1746.1149266936561     
   1746.1149266936561     
  -5672.5365931664128     
  -5672.5365931664128     
  -13303.720304937046     
  -13303.720304937046     
   1839.6014006662708     
   1839.6014006662708     
  -526.05099200845859     
  -526.05099200845859     
  -30.511181727990678     
  -30.511181727990678     
  -147.85509990231648     
  -147.85509990231648     
   1.0000000000000000     
   0.0000000000000000     
   1.0000000000000000     
   0.0000000000000000     
   790.37934346790973     
   790.37934346790973     
   8576.7503519083712     
   8576.7503519083712     
  -119.62659653388528     
  -119.62659653388528     
  -13118.722317149246     
  -13118.722317149246     
   3435.3792611771205     
   3435.3792611771205     
  -850.66497896043938     
  -850.66497896043938     
  -1998.4733716781780     
  -1998.4733716781780     
   1.0000000000000000     
   0.0000000000000000     
   1.0000000000000000     
   0.0000000000000000     
   5964.6288151403714     
   5964.6288151403714     
  -2416.7908598026211     
  -2416.7908598026211     
   2042.4126414338953     
   2042.4126414338953     
  -605.21397082046440     
  -605.21397082046440     
   273.38470723397677     
   273.38470723397677     
  -933.68431930337999     
  -933.68431930337999     
   548.41876311640488     
   548.41876311640488     
   1.0000000000000000     
   0.0000000000000000     
   1.0000000000000000     
   0.0000000000000000     
  -290.54034903419171     
  -290.54034903419171     
   395.10130308625753     
   395.10130308625753     
   79.023087381383036     
   79.023087381383036     
   2159.3951921085218     
   2159.3951921085218     
  -1459.8191913731384     
  -1459.8191913731384     
   424.22278357364547     
   424.22278357364547     
   343.04892827635047     
   343.04892827635047     
   1.0000000000000000     
   0.0000000000000000     
   1.0000000000000000     
   0.0000000000000000     
  -60.112169005294497     
  -60.112169005294497     
   11.456009079363454     
   11.456009079363454     
   1357.6709751160024     
   1357.6709751160024     
   949.33381328953408     
   949.33381328953408     
  -73.090308689292684     
  -73.090308689292684     
   219.35008472444198     
   219.35008472444198     
  -2316.5971104129544     
  -2316.5971104129544     
   1.0000000000000000     
   0.0000000000000000     
   1.0000000000000000     
   0.0000000000000000     
   0.0000000000000000     
   0.0000000000000000     
   0.0000000000000000     
   0.0000000000000000     
   0.0000000000000000     
   0.0000000000000000     
   0.0000000000000000     
   0.0000000000000000     
   0.0000000000000000     
   0.0000000000000000     
   0.0000000000000000     
   0.0000000000000000     
   0.0000000000000000     
   0.0000000000000000     
   1.0000000000000000     
   0.0000000000000000     
   1.0000000000000000     
   0.0000000000000000     
   0.0000000000000000     
   0.0000000000000000     
   0.0000000000000000     
   0.0000000000000000     
   0.0000000000000000     
   0.0000000000000000     
   0.0000000000000000     
   0.0000000000000000     
   0.0000000000000000     
   0.0000000000000000     
   0.0000000000000000     
   0.0000000000000000     
   0.0000000000000000     
   0.0000000000000000     
   1.0000000000000000     
   0.0000000000000000     
   1.0000000000000000     
   0.0000000000000000     
   13.534839155858508     
   13.534839155858508     
  -210.07833472915334     
  -210.07833472915334     
   1744.8044015894970     
   1744.8044015894970     
  -130.64627445513131     
  -130.64627445513131     
  -302.00025114138424     
  -302.00025114138424     
   753.75966756498497     
   753.75966756498497     
  -184.32207847240150     
  -184.32207847240150     
   1.0000000000000000     
   0.0000000000000000     
   1.0000000000000000     
   0.0000000000000000     
   420.75425109537184     
   420.75425109537184     
   72.296869059868172     
   72.296869059868172     
  -4568.2915580507106     
  -4568.2915580507106     
  -5124.6149771799082     
  -5124.6149771799082     
   7116.6325934209181     
   7116.6325934209181     
  -5599.6942017965903     
  -5599.6942017965903     
   4213.3573109759454     
   4213.3573109759454     
   1.0000000000000000     
   0.0000000000000000     
   1.0000000000000000     
   0.0000000000000000     
   1662.0014681775617     
   1662.0014681775617     
  -5631.8378992270791     
  -5631.8378992270791     
  -13527.692898921141     
  -13527.692898921141     
   2157.4452096105570     
   2157.4452096105570     
  -935.44834323919156     
  -935.44834323919156     
  -46.130813896336825     
  -46.130813896336825     
  -8.5202158554544809     
  -8.5202158554544809     
   1.0000000000000000     
   0.0000000000000000     
   1.0000000000000000     
   0.0000000000000000     
   185.81617753619298     
   185.81617753619298     
   8784.9318731567928     
   8784.9318731567928     
  -218.78128800399767     
  -218.78128800399767     
  -13266.929874310470     
  -13266.929874310470     
   3606.4312015250771     
   3606.4312015250771     
  -1024.3785952719950     
  -1024.3785952719950     
  -2370.9282782855521     
  -2370.9282782855521     
   1.0000000000000000     
   0.0000000000000000     
   1.0000000000000000     
   0.0000000000000000     
   6266.3955809077406     
   6266.3955809077406     
  -2530.1048274442014     
  -2530.1048274442014     
   1929.2982659367278     
   1929.2982659367278     
  -644.63559267911660     
  -644.63559267911660     
   279.47402877175875     
   279.47402877175875     
  -1755.4537652970823     
  -1755.4537652970823     
   1419.6297611800630     
   1419.6297611800630     
   1.0000000000000000     
   0.0000000000000000     
   1.0000000000000000     
   0.0000000000000000     
  -185.03176160978140     
  -185.03176160978140     
   281.03723062219422     
   281.03723062219422     
   76.781863347759028     
   76.781863347759028     
   2142.9844359562503     
   2142.9844359562503     
  -1609.1168082789995     
  -1609.1168082789995     
   577.13855985023997     
   577.13855985023997     
   364.11171320748917     
   364.11171320748917     
   1.0000000000000000     
   0.0000000000000000     
   1.0000000000000000     
   0.0000000000000000     
  -59.731999796971529     
  -59.731999796971529     
   12.942368578556117     
   12.942368578556117     
   1413.0831073243926     
   1413.0831073243926     
   2445.1902915742271     
   2445.1902915742271     
   2527.9028961523713     
   2527.9028961523713     
   1109.9498744952475     
   1109.9498744952475     
  -2139.4570002656660     
  -2139.4570002656660     
   1.0000000000000000     
   0.0000000000000000     
   1.0000000000000000     
   0.0000000000000000     
   0.0000000000000000     
   0.0000000000000000     
   0.0000000000000000     
   0.0000000000000000     
   0.0000000000000000     
   0.0000000000000000     
   0.0000000000000000     
   0.0000000000000000     
   0.0000000000000000     
   0.0000000000000000     
   0.0000000000000000     
   0.0000000000000000     
   0.0000000000000000     
   0.0000000000000000     
   1.0000000000000000     
   0.0000000000000000     
