299
2
0.0000000000000000 1.5000000000000000
0.0000000000000000 3.0000000000000000
0.0000000000000000 4.5000000000000000
0.0000000000000000 6.0000000000000000
0.0000000000000000 7.5000000000000000
0.0000000000000000 9.0000000000000000
0.0000000000000000 10.5000000000000000
0.5625000000000000 2.0156250000000000
0.5625000000000000 3.3437500000000000
0.5625000000000000 4.6718750000000000
0.5625000000000000 6.0000000000000000
0.5625000000000000 7.3281250000000000
0.5625000000000000 8.6562500000000000
0.5625000000000000 9.9843750000000000
1.1250000000000000 2.5312500000000000
1.1250000000000000 3.6875000000000000
1.1250000000000000 4.8437500000000000
1.1250000000000000 6.0000000000000000
1.1250000000000000 7.1562500000000000
1.1250000000000000 8.3125000000000000
1.1250000000000000 9.4687500000000000
1.6875000000000000 3.0468750000000000
1.6875000000000000 4.0312500000000000
1.6875000000000000 5.0156250000000000
1.6875000000000000 6.0000000000000000
1.6875000000000000 6.9843750000000000
1.6875000000000000 7.9687500000000000
1.6875000000000000 8.9531250000000000
2.2500000000000000 3.5625000000000000
2.2500000000000000 4.3750000000000000
2.2500000000000000 5.1875000000000000
2.2500000000000000 6.0000000000000000
2.2500000000000000 6.8125000000000000
2.2500000000000000 7.6250000000000000
2.2500000000000000 8.4375000000000000
2.8125000000000000 4.0781250000000000
2.8125000000000000 4.7187500000000000
2.8125000000000000 5.3593750000000000
2.8125000000000000 6.0000000000000000
2.8125000000000000 6.6406250000000000
2.8125000000000000 7.2812500000000000
2.8125000000000000 7.9218750000000000
3.3750000000000000 4.5937500000000000
3.3750000000000000 5.0625000000000000
3.3750000000000000 5.5312500000000000
3.3750000000000000 6.0000000000000000
3.3750000000000000 6.4687500000000000
3.3750000000000000 6.9375000000000000
3.3750000000000000 7.4062500000000000
3.9375000000000000 5.1093750000000000
3.9375000000000000 5.4062500000000000
3.9375000000000000 5.7031250000000000
3.9375000000000000 6.0000000000000000
3.9375000000000000 6.2968750000000000
3.9375000000000000 6.5937500000000000
3.9375000000000000 6.8906250000000000
4.5000000000000000 5.6250000000000000
4.5000000000000000 5.7500000000000000
4.5000000000000000 5.8750000000000000
4.5000000000000000 6.0000000000000000
4.5000000000000000 6.1250000000000000
4.5000000000000000 6.2500000000000000
4.5000000000000000 6.3750000000000000
0.0000000000000000 0.0000000000000000
0.0000000000000000 12.0000000000000000
0.5625000000000000 0.6875000000000000
0.5625000000000000 11.3125000000000000
1.1250000000000000 1.3750000000000000
1.1250000000000000 10.6250000000000000
1.6875000000000000 2.0625000000000000
1.6875000000000000 9.9375000000000000
2.2500000000000000 2.7500000000000000
2.2500000000000000 9.2500000000000000
2.8125000000000000 3.4375000000000000
2.8125000000000000 8.5625000000000000
3.3750000000000000 4.1250000000000000
3.3750000000000000 7.8750000000000000
3.9375000000000000 4.8125000000000000
3.9375000000000000 7.1875000000000000
4.5000000000000000 5.5000000000000000
4.5000000000000000 6.5000000000000000
2.8000000000000003 0.0000000000000000
2.8000000000000003 12.0000000000000000
3.1375000000000002 0.6875000000000000
3.1375000000000002 11.3125000000000000
3.4750000000000005 1.3750000000000000
3.4750000000000005 10.6250000000000000
3.8125000000000000 2.0625000000000000
3.8125000000000000 9.9375000000000000
4.1500000000000004 2.7500000000000000
4.1500000000000004 9.2500000000000000
4.4875000000000007 3.4375000000000000
4.4875000000000007 8.5625000000000000
4.8250000000000002 4.1250000000000000
4.8250000000000002 7.8750000000000000
5.1624999999999996 4.8125000000000000
5.1624999999999996 7.1875000000000000
5.5000000000000000 5.5000000000000000
5.5000000000000000 6.5000000000000000
5.6000000000000005 0.0000000000000000
5.6000000000000005 12.0000000000000000
5.7125000000000004 0.6875000000000000
5.7125000000000004 11.3125000000000000
5.8250000000000011 1.3750000000000000
5.8250000000000011 10.6250000000000000
5.9375000000000000 2.0625000000000000
5.9375000000000000 9.9375000000000000
6.0500000000000007 2.7500000000000000
6.0500000000000007 9.2500000000000000
6.1625000000000005 3.4375000000000000
6.1625000000000005 8.5625000000000000
6.2750000000000004 4.1250000000000000
6.2750000000000004 7.8750000000000000
6.3875000000000002 4.8125000000000000
6.3875000000000002 7.1875000000000000
6.5000000000000000 5.5000000000000000
6.5000000000000000 6.5000000000000000
8.4000000000000004 0.0000000000000000
8.4000000000000004 12.0000000000000000
8.2875000000000014 0.6875000000000000
8.2875000000000014 11.3125000000000000
8.1749999999999989 1.3750000000000000
8.1749999999999989 10.6250000000000000
8.0625000000000000 2.0625000000000000
8.0625000000000000 9.9375000000000000
7.9500000000000002 2.7500000000000000
7.9500000000000002 9.2500000000000000
7.8374999999999995 3.4375000000000000
7.8374999999999995 8.5625000000000000
7.7249999999999996 4.1250000000000000
7.7249999999999996 7.8750000000000000
7.6124999999999998 4.8125000000000000
7.6124999999999998 7.1875000000000000
7.5000000000000000 5.5000000000000000
7.5000000000000000 6.5000000000000000
11.2000000000000011 0.0000000000000000
11.2000000000000011 12.0000000000000000
10.8625000000000007 0.6875000000000000
10.8625000000000007 11.3125000000000000
10.5250000000000021 1.3750000000000000
10.5250000000000021 10.6250000000000000
10.1875000000000000 2.0625000000000000
10.1875000000000000 9.9375000000000000
9.8500000000000014 2.7500000000000000
9.8500000000000014 9.2500000000000000
9.5125000000000011 3.4375000000000000
9.5125000000000011 8.5625000000000000
9.1750000000000007 4.1250000000000000
9.1750000000000007 7.8750000000000000
8.8375000000000004 4.8125000000000000
8.8375000000000004 7.1875000000000000
8.5000000000000000 5.5000000000000000
8.5000000000000000 6.5000000000000000
14.0000000000000000 0.0000000000000000
14.0000000000000000 12.0000000000000000
13.4375000000000000 0.6875000000000000
13.4375000000000000 11.3125000000000000
12.8750000000000000 1.3750000000000000
12.8750000000000000 10.6250000000000000
12.3125000000000000 2.0625000000000000
12.3125000000000000 9.9375000000000000
11.7500000000000000 2.7500000000000000
11.7500000000000000 9.2500000000000000
11.1875000000000000 3.4375000000000000
11.1875000000000000 8.5625000000000000
10.6250000000000000 4.1250000000000000
10.6250000000000000 7.8750000000000000
10.0625000000000000 4.8125000000000000
10.0625000000000000 7.1875000000000000
9.5000000000000000 5.5000000000000000
9.5000000000000000 6.5000000000000000
5.5000000000000000 5.5000000000000000
5.5000000000000000 6.5000000000000000
5.5000000000000000 5.6566666666666663
5.5000000000000000 6.3433333333333337
5.5000000000000000 5.8133333333333335
5.5000000000000000 6.1866666666666665
6.5000000000000000 5.5000000000000000
6.5000000000000000 6.5000000000000000
6.5000000000000000 5.6566666666666663
6.5000000000000000 6.3433333333333337
6.5000000000000000 5.8133333333333335
6.5000000000000000 6.1866666666666665
7.5000000000000000 5.5000000000000000
7.5000000000000000 6.5000000000000000
7.5000000000000000 5.6566666666666663
7.5000000000000000 6.3433333333333337
7.5000000000000000 5.8133333333333335
7.5000000000000000 6.1866666666666665
8.5000000000000000 5.5000000000000000
8.5000000000000000 6.5000000000000000
8.5000000000000000 5.6566666666666663
8.5000000000000000 6.3433333333333337
8.5000000000000000 5.8133333333333335
8.5000000000000000 6.1866666666666665
9.5000000000000000 5.5000000000000000
9.5000000000000000 6.5000000000000000
9.5000000000000000 5.6566666666666663
9.5000000000000000 6.3433333333333337
9.5000000000000000 5.8133333333333335
9.5000000000000000 6.1866666666666665
5.5000000000000000 5.9699999999999998
5.5000000000000000 6.0000000000000000
5.5000000000000000 6.0299999999999994
6.5000000000000000 5.9699999999999998
6.5000000000000000 6.0000000000000000
6.5000000000000000 6.0299999999999994
7.5000000000000000 5.9699999999999998
7.5000000000000000 6.0000000000000000
7.5000000000000000 6.0299999999999994
8.5000000000000000 5.9699999999999998
8.5000000000000000 6.0000000000000000
8.5000000000000000 6.0299999999999994
9.5000000000000000 5.9699999999999998
9.5000000000000000 6.0000000000000000
9.5000000000000000 6.0299999999999994
10.0625000000000000 5.1370833333333330
10.0625000000000000 6.8629166666666670
10.0625000000000000 5.4616666666666669
10.0625000000000000 6.5383333333333331
10.0625000000000000 5.7862499999999999
10.0625000000000000 6.2137500000000001
10.6250000000000000 4.6174999999999997
10.6250000000000000 7.3825000000000003
10.6250000000000000 5.1100000000000003
10.6250000000000000 6.8899999999999997
10.6250000000000000 5.6025000000000000
10.6250000000000000 6.3975000000000000
11.1875000000000000 4.0979166666666664
11.1875000000000000 7.9020833333333336
11.1875000000000000 4.7583333333333329
11.1875000000000000 7.2416666666666671
11.1875000000000000 5.4187500000000002
11.1875000000000000 6.5812499999999998
11.7500000000000000 3.5783333333333331
11.7500000000000000 8.4216666666666669
11.7500000000000000 4.4066666666666663
11.7500000000000000 7.5933333333333337
11.7500000000000000 5.2349999999999994
11.7500000000000000 6.7650000000000006
12.3125000000000000 3.0587499999999999
12.3125000000000000 8.9412500000000001
12.3125000000000000 4.0549999999999997
12.3125000000000000 7.9450000000000003
12.3125000000000000 5.0512499999999996
12.3125000000000000 6.9487500000000004
12.8750000000000000 2.5391666666666666
12.8750000000000000 9.4608333333333334
12.8750000000000000 3.7033333333333331
12.8750000000000000 8.2966666666666669
12.8750000000000000 4.8674999999999997
12.8750000000000000 7.1325000000000003
13.4375000000000000 2.0195833333333333
13.4375000000000000 9.9804166666666667
13.4375000000000000 3.3516666666666666
13.4375000000000000 8.6483333333333334
13.4375000000000000 4.6837499999999999
13.4375000000000000 7.3162500000000001
14.0000000000000000 1.5000000000000000
14.0000000000000000 10.5000000000000000
14.0000000000000000 3.0000000000000000
14.0000000000000000 9.0000000000000000
14.0000000000000000 4.5000000000000000
14.0000000000000000 7.5000000000000000
10.0625000000000000 6.0000000000000000
10.6250000000000000 6.0000000000000000
11.1875000000000000 6.0000000000000000
11.7500000000000000 6.0000000000000000
12.3125000000000000 6.0000000000000000
12.8750000000000000 6.0000000000000000
13.4375000000000000 6.0000000000000000
14.0000000000000000 6.0000000000000000
15.8333333333333339 0.0000000000000000
15.8333333333333339 1.5000000000000000
15.8333333333333339 3.0000000000000000
15.8333333333333339 4.5000000000000000
15.8333333333333339 6.0000000000000000
15.8333333333333339 7.5000000000000000
15.8333333333333339 9.0000000000000000
15.8333333333333339 10.5000000000000000
15.8333333333333339 12.0000000000000000
17.6666666666666679 0.0000000000000000
17.6666666666666679 1.5000000000000000
17.6666666666666679 3.0000000000000000
17.6666666666666679 4.5000000000000000
17.6666666666666679 6.0000000000000000
17.6666666666666679 7.5000000000000000
17.6666666666666679 9.0000000000000000
17.6666666666666679 10.5000000000000000
17.6666666666666679 12.0000000000000000
19.5000000000000000 0.0000000000000000
19.5000000000000000 1.5000000000000000
19.5000000000000000 3.0000000000000000
19.5000000000000000 4.5000000000000000
19.5000000000000000 6.0000000000000000
19.5000000000000000 7.5000000000000000
19.5000000000000000 9.0000000000000000
19.5000000000000000 10.5000000000000000
19.5000000000000000 12.0000000000000000
