   0.0000000000000000     
   0.0000000000000000     
   1.2500000000863238     
   8.6429305384478394E-011
   2.4999999993479394     
  -1.7155658285890269E-009
   3.7500000022993132     
   1.1533019967156596E-008
   5.0000000031200358     
  -4.4651808092134143E-008
   6.2499998788067677     
   5.0127957390381324E-010
   7.5000011218016320     
   1.6705184154770573E-006
   8.7499929174717526     
  -1.7001024743704327E-005
   9.9999998381945527     
  -6.8323241435429300E-003
   0.0000000000000000     
  0.12500000000000000     
   1.2500000000640941     
  0.12500000064265501     
   2.5000000007720131     
  0.12499999875560516     
   3.7499999905514931     
  0.12499998773866026     
   5.0000000619794474     
  0.12500015790589092     
   6.2499997354921843     
  0.12499894531841878     
   7.5000004493341930     
  0.12500468727760955     
   8.7500041726149025     
  0.12499100135043206     
   9.9999987314003445     
  0.12483579472241732     
   0.0000000000000000     
  0.25000000000000000     
   1.2499999993819413     
  0.24999999879911899     
   2.5000000037528864     
  0.25000001118045939     
   3.7499999853715873     
  0.24999993818845181     
   5.0000000290782269     
  0.25000022406252753     
   6.2500000726243075     
  0.24999975546682554     
   7.4999992632784167     
  0.24999665557441675     
   8.7499996158086812     
  0.25002751362469910     
   10.000000346984383     
  0.25001796004857285     
   0.0000000000000000     
  0.37500000000000000     
   1.2499999991624331     
  0.37499999650408894     
   2.5000000019431221     
  0.37500001214499606     
   3.7500000015834982     
  0.37499998834543308     
   4.9999999680997149     
  0.37499984200750508     
   6.2500000940429175     
  0.37500115625880437     
   7.5000001673112928     
  0.37499672547299534     
   8.7499999937813033     
  0.37499320032030520     
   9.9999999376253239     
  0.37499923286803860     
   0.0000000000000000     
  0.50000000000000000     
   1.2500000000000357     
  0.49999999942585482     
   2.4999999984582018     
  0.49999999156352726     
   3.7500000064847967     
  0.50000006328834079     
   4.9999999938224446     
  0.49999978346614499     
   6.2499999612407349     
  0.50000018092760368     
   7.4999999777905524     
  0.50000147715586341     
   8.7500000119582104     
  0.50000101367705108     
   10.000000007911632     
  0.49999979965025593     
   0.0000000000000000     
  0.62500000000000000     
   1.2500000003812952     
  0.62500000345769180     
   2.4999999991763078     
  0.62499998615349017     
   3.7499999992041024     
  0.62500002439438440     
   5.0000000063129821     
  0.62500003521013858     
   6.2500000088360936     
  0.62499976642954458     
   7.5000000010274137     
  0.62499964206462133     
   8.7499999968831155     
  0.62499992183976927     
   9.9999999995073878     
  0.62500005842856254     
   0.0000000000000000     
  0.75000000000000000     
   1.2500000000302802     
  0.75000000190132943     
   2.5000000003638889     
  0.74999999972985754     
   3.7499999993276458     
  0.74999998636526244     
   4.9999999978116616     
  0.75000002298348423     
   6.2499999986279944     
  0.75000008638790550     
   7.5000000003971685     
  0.75000005691127447     
   8.7500000005362200     
  0.74999999458699596     
   9.9999999999200639     
  0.74999999204467682     
   0.0000000000000000     
  0.87500000000000000     
   1.2499999999299802     
  0.87499999940151196     
   2.5000000000082734     
  0.87500000259067823     
   3.7500000004213709     
  0.87500000009966661     
   5.0000000005366250     
  0.87499998391410971     
   6.2500000001295755     
  0.87499997862028467     
   7.4999999998411200     
  0.87499999438024489     
   8.7499999999331433     
  0.87500000318699289     
   10.000000000039604     
  0.87500000045163018     
   0.0000000000000000     
   1.0000000000000000     
   1.2500000000346505     
  0.99999999956006469     
   2.4999999998971103     
  0.99999999865116129     
   3.7499999997425815     
   1.0000000037702426     
   4.9999999998262306     
   1.0000000099514674     
   6.2500000000205809     
   1.0000000064985555     
   7.5000000000665237     
  0.99999999972231890     
   8.7500000000036060     
  0.99999999891132552     
   9.9999999999766427     
   1.0000000003426663     
   0.0000000000000000     
   0.0000000000000000     
   1.2500000003116940     
   5.3863471073587220E-010
   2.4999999978362362     
  -6.0307229552627420E-009
   3.7500000069621704     
   3.4714345740791653E-008
   5.0000000179833606     
  -1.1132028655876079E-007
   6.2499995257344541     
  -2.3611299631236418E-007
   7.5000043274903838     
   6.9554014361224183E-006
   8.7499721394947638     
  -6.6474886462968569E-005
   9.9999988570124465     
  -1.3101027340755106E-002
   0.0000000000000000     
  0.12500000000000000     
   1.2500000001179732     
  0.12500000161548980     
   2.5000000032721506     
  0.12499999965723438     
   3.7499999640438899     
  0.12499993939923898     
   5.0000002330541964     
  0.12500061766323908     
   6.2499989913237206     
  0.12499609815855263     
   7.5000018068895828     
  0.12501740238396009     
   8.7500160678146486     
  0.12496568870449219     
   9.9999955906442430     
  0.12437958370333851     
   0.0000000000000000     
  0.25000000000000000     
   1.2499999976937350     
  0.24999999470563691     
   2.5000000138751384     
  0.25000004198337128     
   3.7499999449881187     
  0.24999977821620623     
   5.0000001166243431     
  0.25000080797833685     
   6.2500002362051523     
  0.24999904249006000     
   7.4999972368342780     
  0.24998814705892924     
   8.7499986921479778     
  0.25010284365135593     
   10.000001189993979     
  0.25005726289449542     
   0.0000000000000000     
  0.37500000000000000     
   1.2499999968749813     
  0.37499998781179650     
   2.5000000077818636     
  0.37500004250890490     
   3.7500000026066957     
  0.37499995345998421     
   4.9999998888173547     
  0.37499946537168116     
   6.2500003631147640     
  0.37500414726373349     
   7.5000005406531240     
  0.37498752444802586     
   8.7499999998296314     
  0.37497818726680149     
   9.9999997776503502     
  0.37499870655848083     
   0.0000000000000000     
  0.50000000000000000     
   1.2499999997626148     
  0.49999999776408838     
   2.4999999950718585     
  0.49999997282286551     
   3.7500000237554887     
  0.50000022273616329     
   4.9999999695012818     
  0.49999918855439779     
   6.2499998767568723     
  0.50000089275465709     
   7.4999999320852924     
  0.50000469724438745     
   8.7500000290843030     
  0.50000265009602907     
   10.000000032298439     
  0.49999932656246526     
   0.0000000000000000     
  0.62500000000000000     
   1.2500000013329868     
  0.62500001182042197     
   2.4999999965495432     
  0.62499994930063163     
   3.7499999993306052     
  0.62500010386563853     
   5.0000000206871267     
  0.62500006389747087     
   6.2500000248069494     
  0.62499921586691687     
   7.5000000051301869     
  0.62499905515122101     
   8.7499999916783224     
  0.62499988479684432     
   9.9999999967943651     
  0.62500013326419157     
   0.0000000000000000     
  0.75000000000000000     
   1.2500000002714520     
  0.75000000779144893     
   2.5000000009111805     
  0.74999999416905783     
   3.7499999974243696     
  0.74999996130302049     
   4.9999999940842184     
  0.75000009000678924     
   6.2499999960775501     
  0.75000023589194875     
   7.5000000003245502     
  0.75000011080749618     
   8.7500000016972876     
  0.74999997616438607     
   10.000000000009633     
  0.74999998949672209     
   0.0000000000000000     
  0.87500000000000000     
   1.2499999997862365     
  0.87499999881077983     
   2.5000000001844169     
  0.87500000839335212     
   3.7500000011556400     
  0.87499999498904868     
   5.0000000013274448     
  0.87499995420067367     
   6.2500000005484679     
  0.87499995512058260     
   7.4999999997042517     
  0.87499999550306629     
   8.7499999997202220     
  0.87500000622876362     
   10.000000000096863     
  0.87499999941024842     
   0.0000000000000000     
   1.0000000000000000     
   1.2500000000458868     
  0.99999999803049233     
   2.4999999996731290     
  0.99999999771914416     
   3.7499999993954023     
   1.0000000125946509     
   4.9999999995305542     
   1.0000000218042440     
   6.2499999999335021     
   1.0000000088075629     
   7.5000000001754339     
  0.99999999753684754     
   8.7500000000485123     
  0.99999999903337655     
   9.9999999999222737     
   1.0000000007865377     
   0.0000000000000000     
   0.0000000000000000     
   1.2500000005963747     
   1.2912988428410030E-009
   2.4999999962045867     
  -1.0122148247147768E-008
   3.7500000107326508     
   4.8835280071645498E-008
   5.0000000492806906     
  -1.0862497974644291E-007
   6.2499989978138926     
  -8.6982319994308966E-007
   7.5000090212113024     
   1.4447238118043689E-005
   8.7499407758701739     
  -1.3250206703523579E-004
   9.9999965930894117     
  -1.8917261237298019E-002
   0.0000000000000000     
  0.12500000000000000     
   1.2500000000001539     
  0.12500000152565793     
   2.5000000073658670     
  0.12500000733486691     
   3.7499999261093477     
  0.12499985729041384     
   5.0000004734412666     
  0.12500123509779443     
   6.2499979231387011     
  0.12499254485512586     
   7.5000039050969773     
  0.12503376689087303     
   8.7500335417471415     
  0.12492884456801973     
   9.9999915390233394     
  0.12371674595916349     
   0.0000000000000000     
  0.25000000000000000     
   1.2499999953496201     
  0.24999998842588839     
   2.5000000277294254     
  0.25000008067290574     
   3.7499998882638930     
  0.24999959135279415     
   5.0000002511318851     
  0.25000149852626119     
   6.2500004067017390     
  0.24999814381230798     
   7.4999943887813290     
  0.24997727945174644     
   8.7499976888151778     
  0.25021011676756727     
   10.000002225674764     
  0.25009621485639355     
   0.0000000000000000     
  0.37500000000000000     
   1.2499999936989636     
  0.37499997834324456     
   2.5000000167124861     
  0.37500007528882984     
   3.7499999987635895     
  0.37499991412608286     
   4.9999997915918382     
  0.37499900777550377     
   6.2500007583465109     
  0.37500805428043793     
   7.5000009055546952     
  0.37497405165565345     
   8.7500000393801205     
  0.37496304229656086     
   9.9999995706048033     
  0.37500016256288476     
   0.0000000000000000     
  0.50000000000000000     
   1.2499999990643247     
  0.49999999626477176     
   2.4999999917055451     
  0.49999995128871960     
   3.7500000468794417     
  0.50000042501768105     
   4.9999999234015293     
  0.49999835406468279     
   6.2499997976232171     
  0.50000226466405651     
   7.4999998920077191     
  0.50000787505477107     
   8.7500000321490585     
  0.50000328508715419     
   10.000000067511985     
  0.49999885549008666     
   0.0000000000000000     
  0.62500000000000000     
   1.2500000024938340     
  0.62500002198010962     
   2.4999999923504781     
  0.62499989971992220     
   3.7500000033425320     
  0.62500023496354917     
   5.0000000349793989     
  0.62499999092391212     
   6.2500000348451099     
  0.62499860440733412     
   7.5000000124636124     
  0.62499879990827867     
   8.7499999882730837     
  0.62500003487365718     
   9.9999999923440068     
  0.62500012129457250     
   0.0000000000000000     
  0.75000000000000000     
   1.2500000008538128     
  0.75000001697796148     
   2.5000000008790253     
  0.74999997858313294     
   3.7499999949894045     
  0.74999994785062130     
   4.9999999923011647     
  0.75000018350967479     
   6.2499999939789825     
  0.75000031510584342     
   7.4999999990455315     
  0.75000006503975802     
   8.7500000029346090     
  0.74999995642833428     
   10.000000000265061     
  0.75000000475956718     
   0.0000000000000000     
  0.87500000000000000     
   1.2499999996905644     
  0.87499999971272824     
   2.5000000005971543     
  0.87500001379711212     
   3.7500000014979826     
  0.87499998120920497     
   5.0000000016037927     
  0.87499993561178291     
   6.2500000011846133     
  0.87499996561281979     
   7.4999999997470690     
  0.87500001058280974     
   8.7499999994568682     
  0.87500000321390536     
   10.000000000139721     
  0.87499999708230591     
   0.0000000000000000     
   1.0000000000000000     
   1.2499999999436877     
  0.99999999575563192     
   2.4999999995049298     
   1.0000000003514007     
   3.7499999993678750     
   1.0000000208857673     
   4.9999999993060547     
   1.0000000184790989     
   6.2499999997178906     
  0.99999999745051360     
   7.5000000002669864     
  0.99999999546436369     
   8.7500000001019895     
   1.0000000016211179     
   9.9999999998829416     
   1.0000000003946556     
   0.0000000000000000     
   0.0000000000000000     
   1.2500000008842806     
   2.0517099286010192E-009
   2.4999999948408305     
  -1.1973276381208074E-008
   3.7500000121243184     
   4.4441790613047905E-008
   5.0000000976843753     
  -5.4676023720021055E-009
   6.2499983395186511     
  -1.9114012837387348E-006
   7.5000147720529853     
   2.3154646607224811E-005
   8.7499012065257062     
  -2.0505630391028768E-004
   9.9999928860280658     
  -2.4359160899979887E-002
   0.0000000000000000     
  0.12500000000000000     
   1.2499999996615998     
  0.12499999991306518     
   2.5000000127898061     
  0.12500002230494175     
   3.7499998806741814     
  0.12499974993680679     
   5.0000007568846323     
  0.12500191399177785     
   6.2499966380047818     
  0.12498891360016856     
   7.5000066082552150     
  0.12505111249545281     
   8.7500549983350329     
  0.12488406200795023     
   9.9999871545177950     
  0.12290634516322502     
   0.0000000000000000     
  0.25000000000000000     
   1.2499999926137677     
  0.24999998086868741     
   2.5000000437021903     
  0.25000012007204564     
   3.7499998212658219     
  0.24999941553195223     
   5.0000004231531383     
  0.25000215687798966     
   6.2500005354824353     
  0.24999725123962468     
   7.4999910472114450     
  0.24996566015768890     
   8.7499969165115594     
  0.25033856267818227     
   10.000003288029431     
  0.25012194304028335     
   0.0000000000000000     
  0.37500000000000000     
   1.2499999899803702     
  0.37499997024586690     
   2.5000000280614616     
  0.37500010263688949     
   3.7499999882243329     
  0.37499988254496541     
   4.9999996942032441     
  0.37499853461332161     
   6.2500012410749353     
  0.37501233063623679     
   7.5000011338646528     
  0.37495757699572946     
   8.7500001247394081     
  0.37495249092500876     
   9.9999993487017900     
  0.37500386524192492     
   0.0000000000000000     
  0.50000000000000000     
   1.2499999978454299     
  0.49999999566552056     
   2.4999999893359570     
  0.49999992974011181     
   3.7500000724200322     
  0.50000064180544068     
   4.9999998561779924     
  0.49999737530172228     
   6.2499997536236709     
  0.50000429596277141     
   7.4999998668151866     
  0.50000998720547074     
   8.7500000172629573     
  0.50000238925677798     
   10.000000105373362     
  0.49999861177177196     
   0.0000000000000000     
  0.62500000000000000     
   1.2500000036349219     
  0.62500003250836289     
   2.4999999869697485     
  0.62499984371596229     
   3.7500000123733725     
  0.62500040959452619     
   5.0000000436506120     
  0.62499977682478924     
   6.2500000352588803     
  0.62499811087834967     
   7.5000000227228032     
  0.62499905633823294     
   8.7499999867398213     
  0.62500032792776261     
   9.9999999882383683     
  0.62500000712387505     
   0.0000000000000000     
  0.75000000000000000     
   1.2500000017872908     
  0.75000002865879412     
   2.4999999998694440     
  0.74999995176292378     
   3.7499999928932324     
  0.74999995869134972     
   4.9999999934975232     
  0.75000027926149482     
   6.2499999923448506     
  0.75000027346240417     
   7.4999999970846760     
  0.74999993018360978     
   8.7500000040437271     
  0.74999995254017415     
   10.000000000347130     
  0.75000002901327034     
   0.0000000000000000     
  0.87500000000000000     
   1.2499999997328961     
  0.87500000270161415     
   2.5000000011342016     
  0.87500001616537904     
   3.7500000011741643     
  0.87499996114306600     
   5.0000000014127606     
  0.87499993983328883     
   6.2500000019185666     
  0.87500000959054403     
   7.4999999997923066     
  0.87500002888263495     
   8.7499999992807904     
  0.87499999456401323     
   10.000000000180545     
  0.87499999600339362     
   0.0000000000000000     
   1.0000000000000000     
   1.2499999997279878     
  0.99999999353776570     
   2.4999999995264779     
   1.0000000068551291     
   3.7499999996527493     
   1.0000000237983198     
   4.9999999991250110     
  0.99999999890501112     
   6.2499999995191331     
  0.99999997969574994     
   7.5000000003505685     
  0.99999999668084205     
   8.7500000000976392     
   1.0000000045572408     
   9.9999999998962998     
  0.99999999901035530     
   0.0000000000000000     
   0.0000000000000000     
   1.2500000011416192     
   2.5089118939264346E-009
   2.4999999939160937     
  -1.0396667171912899E-008
   3.7500000106449005     
   1.8842376113152688E-008
   5.0000001618824026     
   1.9703601648886263E-007
   6.2499975853014256     
  -3.2963932307339177E-006
   7.5000212655981668     
   3.2356191060751536E-005
   8.7498552809763570     
  -2.7773059607304391E-004
   9.9999877314574839     
  -2.9483917917108211E-002
   0.0000000000000000     
  0.12500000000000000     
   1.2499999991081574     
  0.12499999682665973     
   2.5000000192588607     
  0.12500004315451724     
   3.7499998304540996     
  0.12499962779393303     
   5.0000010660431533     
  0.12500258931402997     
   6.2499952102972358     
  0.12498556027893318     
   7.5000098041865249     
  0.12506781737762934     
   8.7500792385108603     
  0.12483413545085478     
   9.9999827820704432     
  0.12199032850693717     
   0.0000000000000000     
  0.25000000000000000     
   1.2499999896520393     
  0.24999997291014706     
   2.5000000608131518     
  0.25000015584816360     
   3.7499997479396279     
  0.24999926972616673     
   5.0000006248488518     
  0.25000271034415028     
   6.2500005966187757     
  0.24999649652026912     
   7.4999874429974707     
  0.24995416917416657     
   8.7499965765801075     
  0.25048071711240688     
   10.000004293005833     
  0.25012721320263459     
   0.0000000000000000     
  0.37500000000000000     
   1.2499999859351238     
  0.37499996443767525     
   2.5000000412664352     
  0.37500012105564395     
   3.7499999705807827     
  0.37499986665915364     
   4.9999996069433195     
  0.37499807099262433     
   6.2500017807383221     
  0.37501665929885225     
   7.5000011545820255     
  0.37493908670445536     
   8.7500002646885875     
  0.37494913241463629     
   9.9999991330024844     
  0.37500927467252848     
   0.0000000000000000     
  0.50000000000000000     
   1.2499999961309534     
  0.49999999639149623     
   2.4999999884078745     
  0.49999990858980470     
   3.7500000980267876     
  0.50000085934265714     
   4.9999997706558084     
  0.49999631747096096     
   6.2499997606382012     
  0.50000691924360707     
   7.4999998543037885     
  0.50001049665336483     
   8.7499999882985247     
  0.50000003820301353     
   10.000000137846120     
  0.49999874960273183     
   0.0000000000000000     
  0.62500000000000000     
   1.2500000046180872     
  0.62500004288710065     
   2.4999999808280555     
  0.62499978501695874     
   3.7500000265069491     
  0.62500061833235843     
   5.0000000431586882     
  0.62499941422301786     
   6.2500000274307164     
  0.62499785488330950     
   7.5000000352044633     
  0.62499979704043918     
   8.7499999857585440     
  0.62500064937844846     
   9.9999999864928526     
  0.62499982031657975     
   0.0000000000000000     
  0.75000000000000000     
   1.2500000030225713     
  0.75000004209295168     
   2.4999999977238669     
  0.74999991432054003     
   3.7499999919496387     
  0.74999999975944365     
   4.9999999973383469     
  0.75000035364011408     
   6.2499999906424994     
  0.75000010872803036     
   7.4999999953635053     
  0.74999975803972729     
   8.7500000049029669     
  0.74999997566942045     
   10.000000000009448     
  0.75000004868599668     
   0.0000000000000000     
  0.87500000000000000     
   1.2499999999709146     
  0.87500000787351773     
   2.5000000016164634     
  0.87500001379636194     
   3.7500000001905747     
  0.87499993948288379     
   5.0000000010979795     
  0.87499996950923309     
   6.2500000025803297     
  0.87500007135951641     
   7.4999999996464393     
  0.87500003804285564     
   8.7499999992999591     
  0.87499998369244869     
   10.000000000218073     
  0.87499999783466931     
   0.0000000000000000     
   1.0000000000000000     
   1.2499999994470929     
  0.99999999222096636     
   2.4999999998043685     
   1.0000000160164153     
   3.7500000000679026     
   1.0000000184344122     
   4.9999999989312220     
  0.99999996950971126     
   6.2499999994938600     
  0.99999996587896911     
   7.5000000004229772     
   1.0000000022045443     
   8.7500000000043023     
   1.0000000056217671     
   9.9999999999742641     
  0.99999999724776656     
   0.0000000000000000     
   0.0000000000000000     
   1.2500000013523580     
   2.4252628419842617E-009
   2.4999999934738866     
  -4.9247137222383041E-009
   3.7500000063281127     
  -2.6697571430292910E-008
   5.0000002397484602     
   4.8177655060857109E-007
   6.2499967615921825     
  -4.9278235634466266E-006
   7.5000282712557080     
   4.1517524950936503E-005
   8.7498044536195412     
  -3.4641729044787399E-004
   9.9999812042564908     
  -3.4334781613946347E-002
   0.0000000000000000     
  0.12500000000000000     
   1.2499999983684442     
  0.12499999257117840     
   2.5000000265170526     
  0.12500006773874392     
   3.7499997772999647     
  0.12499950102307010     
   5.0000013895161945     
  0.12500321720584404     
   6.2499936920058108     
  0.12498267651730267     
   7.5000133990014195     
  0.12508291643969013     
   8.7501053557861219     
  0.12478127898616914     
   9.9999786221092943     
  0.12099911378214807     
   0.0000000000000000     
  0.25000000000000000     
   1.2499999865658704     
  0.24999996529024693     
   2.5000000784747813     
  0.25000018548560277     
   3.7499996708705869     
  0.24999916214641196     
   5.0000008496878934     
  0.25000312461463370     
   6.2500005786487041     
  0.24999596942817398     
   7.4999837382781918     
  0.24994324335186718     
   8.7499967911808181     
  0.25063133655971959     
   10.000005204743534     
  0.25010840907595738     
   0.0000000000000000     
  0.37500000000000000     
   1.2499999816998282     
  0.37499996118658330     
   2.5000000558611228     
  0.37500012938607324     
   3.7499999462049929     
  0.37499987153176240     
   4.9999995352870181     
  0.37499762039024837     
   6.2500023533554065     
  0.37502086665145812     
   7.5000009343275815     
  0.37491934685615741     
   8.7500004666960240     
  0.37495421206634105     
   9.9999989378251364     
  0.37501546122585844     
   0.0000000000000000     
  0.50000000000000000     
   1.2499999939853850     
  0.49999999867229478     
   2.4999999890529132     
  0.49999988718591454     
   3.7500001221452508     
  0.50000107228214041     
   4.9999996705615946     
  0.49999522432720805     
   6.2499998255126163     
  0.50001003794746124     
   7.4999998462344468     
  0.50000917744703399     
   8.7499999525853127     
  0.49999661601806011     
   10.000000158306024     
  0.49999934703088328     
   0.0000000000000000     
  0.62500000000000000     
   1.2500000053673355     
  0.62500005307087581     
   2.4999999743101693     
  0.62499972566472706     
   3.7500000452611415     
  0.62500085217378498     
   5.0000000314771604     
  0.62499891336475955     
   6.2500000151882364     
  0.62499791058356169     
   7.5000000488469327     
  0.62500089154539817     
   8.7499999838568261     
  0.62500087842478336     
   9.9999999883843831     
  0.62499960931368403     
   0.0000000000000000     
  0.75000000000000000     
   1.2500000044864632     
  0.75000005667334813     
   2.4999999944365401     
  0.74999986769878313     
   3.7499999928119467     
  0.75000007265521340     
   5.0000000027943958     
  0.75000038704684580     
   6.2499999883448636     
  0.74999984523722307     
   7.4999999947639324     
  0.74999960670214072     
   8.7500000053765419     
  0.75000002763032214     
   9.9999999992154418     
  0.75000005300954542     
   0.0000000000000000     
  0.87500000000000000     
   1.2500000004343037     
  0.87500001506632763     
   2.5000000018599544     
  0.87500000577346859     
   3.7499999987240149     
  0.87499992130957416     
   5.0000000010285870     
  0.87500002140803290     
   6.2500000029723353     
  0.87500013170404978     
   7.4999999992175264     
  0.87500003053054842     
   8.7499999995675743     
  0.87499997480282787     
   10.000000000232166     
  0.87500000260433963     
   0.0000000000000000     
   1.0000000000000000     
   1.2499999991707611     
  0.99999999249730942     
   2.5000000003386180     
   1.0000000259510020     
   3.7500000003931886     
   1.0000000040205486     
   4.9999999987133430     
  0.99999993911850049     
   6.2499999997423616     
  0.99999996353049847     
   7.5000000004545955     
   1.0000000106474987     
   8.7499999998354525     
   1.0000000036959378     
   10.000000000101963     
  0.99999999604587331     
   0.0000000000000000     
   0.0000000000000000     
   1.2500000015129478     
   1.6652898040233421E-009
   2.4999999934884953     
   4.3491947387468941E-009
   3.7499999994540087     
  -8.8744292322191591E-008
   5.0000003289935959     
   8.2501239685422511E-007
   6.2499958884129079     
  -6.7004434595968055E-006
   7.5000356195750610     
   5.0240541218793340E-005
   8.7497498788580366     
  -4.0850584904354996E-004
   9.9999734170548624     
  -3.8945354402181491E-002
   0.0000000000000000     
  0.12500000000000000     
   1.2499999974766434     
  0.12499998755603992     
   2.5000000343573836     
  0.12500009381713331     
   3.7499997224448260     
  0.12499937844610601     
   5.0000017198863782     
  0.12500376860733214     
   6.2499921195945909     
  0.12498035447526074     
   7.5000173135307202     
  0.12509586287765254     
   8.7501326621734368     
  0.12472726213811018     
   9.9999747844894227     
  0.11995513740236241     
   0.0000000000000000     
  0.25000000000000000     
   1.2499999834147706     
  0.24999995858064511     
   2.5000000963425242     
  0.25000020764298758     
   3.7499995917633142     
  0.24999909500461115     
   5.0000010922267331     
  0.25000338740624550     
   6.2500004791791222     
  0.24999572942706030     
   7.4999800459724391     
  0.24993305220501563     
   8.7499976257724956     
  0.25078670976047507     
   10.000006014877302     
  0.25006422321557387     
   0.0000000000000000     
  0.37500000000000000     
   1.2499999773622656     
  0.37499996043368539     
   2.5000000714621788     
  0.37500012767429652     
   3.7499999158604878     
  0.37499990023601648     
   4.9999994816321776     
  0.37499717552816819     
   6.2500029403330473     
  0.37502486865072560     
   7.5000004641524463     
  0.37489894828335596     
   8.7500007376757161     
  0.37496811804836927     
   9.9999987733969693     
  0.37502135709525702     
   0.0000000000000000     
  0.50000000000000000     
   1.2499999914872162     
  0.50000000261411826     
   2.4999999912247759     
  0.49999986450941519     
   3.7500001438042956     
  0.50000127998769628     
   4.9999995597861062     
  0.49999412415724498     
   6.2499999493148266     
  0.50001354817928900     
   7.4999998317627758     
  0.50000600017918317     
   8.7499999185133213     
  0.49999263710968556     
   10.000000162031178     
  0.50000041094449621     
   0.0000000000000000     
  0.62500000000000000     
   1.2500000058487666     
  0.62500006323831825     
   2.4999999677360352     
  0.62499966660492390     
   3.7500000678859582     
  0.62500110336640846     
   5.0000000077079712     
  0.62499829322083433     
   6.2500000032307739     
  0.62499831770383663     
   7.5000000622841876     
  0.62500216859608981     
   8.7499999799755042     
  0.62500091947847625     
   9.9999999943010476     
  0.62499942574168665     
   0.0000000000000000     
  0.75000000000000000     
   1.2500000061017076     
  0.75000007194553608     
   2.4999999900943819     
  0.74999981360643575     
   3.7499999959400365     
  0.75000017629558624     
   5.0000000085601286     
  0.75000036511808899     
   6.2499999851751191     
  0.74999952012360660     
   7.4999999959312742     
  0.74999952367707745     
   8.7500000052996061     
  0.75000010159074959     
   9.9999999981144985     
  0.75000003669765691     
   0.0000000000000000     
  0.87500000000000000     
   1.2500000011306804     
  0.87500002400476484     
   2.5000000017065980     
  0.87499999178162013     
   3.7499999970420643     
  0.87499991112574615     
   5.0000000014730022     
  0.87500008884631464     
   6.2500000029002027     
  0.87500017379888706     
   7.4999999985339105     
  0.87500000503332875     
   8.7500000000807461     
  0.87499997153321374     
   10.000000000195708     
  0.87500000900674169     
   0.0000000000000000     
   1.0000000000000000     
   1.2499999989733031     
  0.99999999483790636     
   2.5000000010749042     
   1.0000000346363456     
   3.7500000004423963     
  0.99999998159525572     
   4.9999999985177173     
  0.99999991605316740     
   6.2500000002887557     
  0.99999997563705856     
   7.5000000004013820     
   1.0000000191316665     
   8.7499999996355093     
  0.99999999892930902     
   10.000000000245809     
  0.99999999622227642     
   0.0000000000000000     
   0.0000000000000000     
   1.2500000016274877     
   1.9285386629445374E-010
   2.4999999939025068     
   1.6934076370849989E-008
   3.7499999903863617     
  -1.6284031370255096E-007
   5.0000004275062473     
   1.2016642821727440E-006
   6.2499949806955586     
  -8.5139422964297100E-006
   7.5000431861433698     
   5.8229947865638607E-005
   8.7496924798182203     
  -4.6237818153001248E-004
   9.9999644974235817     
  -4.3342348013755784E-002
   0.0000000000000000     
  0.12500000000000000     
   1.2499999964639794     
  0.12499998220722279     
   2.5000000426252047     
  0.12500011936863728     
   3.7499996666826885     
  0.12499926716321651     
   5.0000020524137421     
  0.12500422499693517     
   6.2499905186530462     
  0.12497862646775898     
   7.5000214807321575     
  0.12510637805918265     
   8.7501606346344705     
  0.12467350252735931     
   9.9999713221375455     
  0.11887518560832898     
   0.0000000000000000     
  0.25000000000000000     
   1.2499999802313571     
  0.24999995318880153     
   2.5000001142210762     
  0.25000022173908981     
   3.7499995117476850     
  0.24999906729664181     
   5.0000013479368297     
  0.25000349872179217     
   6.2500003013312497     
  0.24999581374233701     
   7.4999764434421010     
  0.24992360799373445     
   8.7499991057119590     
  0.25094420403734830     
   10.000006729880740     
  0.24999479911681388     
   0.0000000000000000     
  0.37500000000000000     
   1.2499999729798223     
  0.37499996197196866     
   2.5000000877574520     
  0.37500011653662813     
   3.7499998804700367     
  0.37499995446069645     
   4.9999994464433533     
  0.37499672462660344     
   6.2500035274910832     
  0.37502863654435042     
   7.4999997505862339     
  0.37487834096221401     
   8.7500010841109273     
  0.37499070571612464     
   9.9999986474067217     
  0.37502590400417135     
   0.0000000000000000     
  0.50000000000000000     
   1.2499999887151831     
  0.50000000824585233     
   2.4999999947827272     
  0.49999983952838506     
