   0.0000000000000000     
   0.0000000000000000     
   0.0000000000000000     
   0.0000000000000000     
   0.0000000000000000     
   0.0000000000000000     
   0.0000000000000000     
   0.0000000000000000     
   0.0000000000000000     
   0.0000000000000000     
   0.0000000000000000     
   0.0000000000000000     
   0.0000000000000000     
   0.0000000000000000     
   0.0000000000000000     
   0.0000000000000000     
   0.0000000000000000     
   0.0000000000000000     
   0.0000000000000000     
   0.0000000000000000     
   0.0000000000000000     
   0.0000000000000000     
   0.0000000000000000     
   0.0000000000000000     
   0.0000000000000000     
   0.0000000000000000     
   0.0000000000000000     
   0.0000000000000000     
   0.0000000000000000     
   0.0000000000000000     
   0.0000000000000000     
   0.0000000000000000     
   0.0000000000000000     
   0.0000000000000000     
   0.0000000000000000     
   0.0000000000000000     
  -5.2299796359848747E-006
  -1.0577666888578101E-005
  -7.0535400250005549E-006
  -1.6195704716182006E-005
  -7.0836697091721761E-006
  -1.9694695923203028E-005
  -6.2034408499235878E-006
  -2.2008894000372273E-005
  -4.8651866598171458E-006
  -2.3555054094028712E-005
  -3.3021185043916163E-006
  -2.4549428387217689E-005
  -1.6350537481692268E-006
  -2.5111091333611095E-005
   7.2459174922994700E-008
  -2.5302203325020157E-005
   1.7823293156874996E-006
  -2.5144486305338442E-005
   3.4594670479805699E-006
  -2.4624448145493496E-005
   5.0504113227234586E-006
  -2.3690846402173869E-005
   6.4550415154728807E-006
  -2.2242408241654435E-005
   7.4770256644504797E-006
  -2.0094517395478784E-005
   7.7135856247411399E-006
  -1.6879929847094388E-005
   6.2297642709116466E-006
  -1.1644190530449832E-005
   0.0000000000000000     
   0.0000000000000000     
   0.0000000000000000     
   0.0000000000000000     
  -6.3020483583812024E-006
  -1.7823931683358832E-005
  -9.2048649344402782E-006
  -2.8886356369953740E-005
  -9.7725118752276401E-006
  -3.6136015455875438E-005
  -8.8862171265242179E-006
  -4.1003056024448718E-005
  -7.1382033669916565E-006
  -4.4258056889923703E-005
  -4.9014574992674876E-006
  -4.6344182326563090E-005
  -2.4056046048738022E-006
  -4.7519590461954691E-005
   2.0477874524878531E-007
  -4.7922907998850153E-005
   2.8260362062614498E-006
  -4.7602680455202468E-005
   5.3582391867596076E-006
  -4.6526346430175401E-005
   7.6671684460965179E-006
  -4.4572580058313176E-005
   9.5355428236263000E-006
  -4.1500991655552750E-005
   1.0586258853585866E-005
  -3.6874266649185967E-005
   1.0141427357519210E-005
  -2.9849755624339309E-005
   6.9688830030366373E-006
  -1.8577050239285204E-005
   0.0000000000000000     
   0.0000000000000000     
   0.0000000000000000     
   0.0000000000000000     
  -5.9694976089010779E-006
  -2.3021089392370935E-005
  -9.0943005449110794E-006
  -3.8680832618001159E-005
  -9.9831512388457835E-006
  -4.9431248185043034E-005
  -9.3003373056579623E-006
  -5.6817186090092644E-005
  -7.5854389084661827E-006
  -6.1809510647613811E-005
  -5.2317751437328696E-006
  -6.5022607650258034E-005
  -2.5142416704076962E-006
  -6.6836026549140716E-005
   3.7165441772163359E-007
  -6.7459947002212006E-005
   3.2702066180771627E-006
  -6.6967033595299270E-005
   6.0260952028361138E-006
  -6.5300964881401301E-005
   8.4419538643456735E-006
  -6.2263217718620974E-005
   1.0227746519070214E-005
  -5.7470382012687478E-005
   1.0937571585037631E-005
  -5.0259711043762709E-005
   9.9115216538005736E-006
  -3.9508372134563611E-005
   6.4116713828546407E-006
  -2.3501713960547937E-005
   0.0000000000000000     
   0.0000000000000000     
   0.0000000000000000     
   0.0000000000000000     
  -5.0548754223335485E-006
  -2.6854573087100582E-005
  -7.8827423688972970E-006
  -4.6155021138609175E-005
  -8.8261378412491925E-006
  -5.9881322534089421E-005
  -8.3411011256279811E-006
  -6.9518458333635023E-005
  -6.8536935125958134E-006
  -7.6115539104143609E-005
  -4.7106711171642920E-006
  -8.0390597864181103E-005
  -2.1787302577823988E-006
  -8.2810147950867135E-005
   5.3494221500197431E-007
  -8.3639321081282862E-005
   3.2532959433570469E-006
  -8.2967819370342009E-005
   5.7959340649548879E-006
  -8.0715233939097588E-005
   7.9429431531349298E-006
  -7.6615512356924503E-005
   9.3981734939305652E-006
  -7.0176491988562182E-005
   9.7634649196363836E-006
  -6.0611863394334868E-005
   8.5677264003428300E-006
  -4.6776724683121401E-005
   5.3844035240324008E-006
  -2.7165586126111779E-005
   0.0000000000000000     
   0.0000000000000000     
   0.0000000000000000     
   0.0000000000000000     
  -3.8798987098349587E-006
  -2.9657775614122530E-005
  -6.1241368108125069E-006
  -5.1696495870642719E-005
  -6.9267955910651327E-006
  -6.7765072580021758E-005
  -6.5848981045601676E-006
  -7.9241664152160821E-005
  -5.4059037401295484E-006
  -8.7185340057271214E-005
  -3.6612565441877456E-006
  -9.2365887765692828E-005
  -1.5748038149883532E-006
  -9.5303765716696299E-005
   6.6844947816471693E-007
  -9.6300810239444138E-005
   2.9029922451476990E-006
  -9.5457107128138057E-005
   4.9586380844590486E-006
  -9.2673026948625038E-005
   6.6358637883544780E-006
  -8.7636054613348606E-005
   7.6872203381374037E-006
  -7.9794058803514577E-005
   7.8185847210207345E-006
  -6.8325727338732056E-005
   6.7248154974572353E-006
  -5.2130540291322801E-005
   4.1573433533904780E-006
  -2.9860414236799829E-005
   0.0000000000000000     
   0.0000000000000000     
   0.0000000000000000     
   0.0000000000000000     
  -2.5868575453859453E-006
  -3.1593804675472095E-005
  -4.0961338286985641E-006
  -5.5542189655346554E-005
  -4.6359205085680112E-006
  -7.3289294404903772E-005
  -4.3867360030548650E-006
  -8.6116729364982961E-005
  -3.5487059369329402E-006
  -9.5066270674524746E-005
  -2.3081056157236822E-006
  -1.0092853509614015E-004
  -8.2534207098016291E-007
  -1.0425401147485318E-004
   7.6198963583459084E-007
  -1.0536689424029558E-004
   2.3275293966464239E-006
  -1.0437364715954421E-004
   3.7412754104492400E-006
  -1.0116318799915869E-004
   4.8561865255715519E-006
  -9.5398679155437154E-005
   5.5021337170885205E-006
  -8.6505101376634856E-005
   5.4934401329166913E-006
  -7.3662232638406329E-005
   4.6522032967790622E-006
  -5.5815903872867307E-005
   2.8419081821621197E-006
  -3.1718266542456838E-005
   0.0000000000000000     
   0.0000000000000000     
   0.0000000000000000     
   0.0000000000000000     
  -1.2421677993982191E-006
  -3.2742686351154031E-005
  -1.9412248405128688E-006
  -5.7828638985348712E-005
  -2.1502233910725001E-006
  -7.6589877294035752E-005
  -1.9609609582446642E-006
  -9.0242304774032286E-005
  -1.4779210579102020E-006
  -9.9808195745285815E-005
  -7.9943408120570956E-007
  -1.0608533524993069E-004
  -1.0457831084619977E-008
  -1.0964010223645842E-004
   8.1574237468501530E-007
  -1.1080968158748247E-004
   1.6112307390875954E-006
  -1.0970512234873235E-004
   2.3061263938754960E-006
  -1.0621123290643558E-004
   2.8235964958669230E-006
  -9.9982876832049818E-005
   3.0797271243577093E-006
  -9.0440986177419438E-005
   2.9894585250069030E-006
  -7.6775068435971838E-005
   2.4772172368368360E-006
  -5.7960988679167080E-005
   1.4886491573001207E-006
  -3.2802427982380149E-005
   0.0000000000000000     
   0.0000000000000000     
   0.0000000000000000     
   0.0000000000000000     
   1.2217173757012955E-007
  -3.3141548652812283E-005
   2.6520682501850508E-007
  -5.8626749643307700E-005
   4.1686665829919210E-007
  -7.7743240531063482E-005
   5.5971878482900170E-007
  -9.1677819016977580E-005
   6.7858030204526339E-007
  -1.0144465990378400E-004
   7.6488219488276680E-007
  -1.0784639455943703E-004
   8.1619194460580073E-007
  -1.1145810446483502E-004
   8.3309798866460240E-007
  -1.1262388511813349E-004
   8.1619194460580889E-007
  -1.1145810446483511E-004
   7.6488219488276955E-007
  -1.0784639455943731E-004
   6.7858030204524095E-007
  -1.0144465990378429E-004
   5.5971878482892049E-007
  -9.1677819016978027E-005
   4.1686665829911915E-007
  -7.7743240531063861E-005
   2.6520682501845177E-007
  -5.8626749643307984E-005
   1.2217173757010404E-007
  -3.3141548652812411E-005
   0.0000000000000000     
   0.0000000000000000     
   0.0000000000000000     
   0.0000000000000000     
   1.4886491573001315E-006
  -3.2802427982380013E-005
   2.4772172368368796E-006
  -5.7960988679166775E-005
   2.9894585250069877E-006
  -7.6775068435971485E-005
   3.0797271243578109E-006
  -9.0440986177418856E-005
   2.8235964958670162E-006
  -9.9982876832049546E-005
   2.3061263938755421E-006
  -1.0621123290643538E-004
   1.6112307390876420E-006
  -1.0970512234873227E-004
   8.1574237468508147E-007
  -1.1080968158748243E-004
  -1.0457831084568983E-008
  -1.0964010223645833E-004
  -7.9943408120571327E-007
  -1.0608533524993072E-004
  -1.4779210579102340E-006
  -9.9808195745286114E-005
  -1.9609609582447277E-006
  -9.0242304774032666E-005
  -2.1502233910725636E-006
  -7.6589877294036199E-005
  -1.9412248405129149E-006
  -5.7828638985349017E-005
  -1.2421677993982490E-006
  -3.2742686351154072E-005
   0.0000000000000000     
   0.0000000000000000     
   0.0000000000000000     
   0.0000000000000000     
   2.8419081821621175E-006
  -3.1718266542456736E-005
   4.6522032967790681E-006
  -5.5815903872867124E-005
   5.4934401329167261E-006
  -7.3662232638406017E-005
   5.5021337170885823E-006
  -8.6505101376634395E-005
   4.8561865255716341E-006
  -9.5398679155436815E-005
   3.7412754104493281E-006
  -1.0116318799915855E-004
   2.3275293966465128E-006
  -1.0437364715954411E-004
   7.6198963583469259E-007
  -1.0536689424029567E-004
  -8.2534207098007598E-007
  -1.0425401147485307E-004
  -2.3081056157236254E-006
  -1.0092853509614016E-004
  -3.5487059369329237E-006
  -9.5066270674524922E-005
  -4.3867360030548845E-006
  -8.6116729364983286E-005
  -4.6359205085680569E-006
  -7.3289294404904029E-005
  -4.0961338286986098E-006
  -5.5542189655346798E-005
  -2.5868575453859749E-006
  -3.1593804675472197E-005
   0.0000000000000000     
   0.0000000000000000     
   0.0000000000000000     
   0.0000000000000000     
   4.1573433533904551E-006
  -2.9860414236799727E-005
   6.7248154974572235E-006
  -5.2130540291322631E-005
   7.8185847210207175E-006
  -6.8325727338731758E-005
   7.6872203381374444E-006
  -7.9794058803514130E-005
   6.6358637883545635E-006
  -8.7636054613348375E-005
   4.9586380844591706E-006
  -9.2673026948624795E-005
   2.9029922451478311E-006
  -9.5457107128137989E-005
   6.6844947816487300E-007
  -9.6300810239443961E-005
  -1.5748038149882158E-006
  -9.5303765716696137E-005
  -3.6612565441876270E-006
  -9.2365887765692869E-005
  -5.4059037401294459E-006
  -8.7185340057271390E-005
  -6.5848981045601092E-006
  -7.9241664152161106E-005
  -6.9267955910651081E-006
  -6.7765072580022002E-005
  -6.1241368108125340E-006
  -5.1696495870642881E-005
  -3.8798987098349773E-006
  -2.9657775614122672E-005
   0.0000000000000000     
   0.0000000000000000     
   0.0000000000000000     
   0.0000000000000000     
   5.3844035240323958E-006
  -2.7165586126111718E-005
   8.5677264003428182E-006
  -4.6776724683121245E-005
   9.7634649196363887E-006
  -6.0611863394334671E-005
   9.3981734939306126E-006
  -7.0176491988561843E-005
   7.9429431531350331E-006
  -7.6615512356924246E-005
   5.7959340649550455E-006
  -8.0715233939097398E-005
   3.2532959433571735E-006
  -8.2967819370341860E-005
   5.3494221500207331E-007
  -8.3639321081282686E-005
  -2.1787302577822942E-006
  -8.2810147950866878E-005
  -4.7106711171641463E-006
  -8.0390597864181103E-005
  -6.8536935125957084E-006
  -7.6115539104143758E-005
  -8.3411011256278981E-006
  -6.9518458333635226E-005
  -8.8261378412491501E-006
  -5.9881322534089631E-005
  -7.8827423688972869E-006
  -4.6155021138609249E-005
  -5.0548754223335477E-006
  -2.6854573087100660E-005
   0.0000000000000000     
   0.0000000000000000     
   0.0000000000000000     
   0.0000000000000000     
   6.4116713828546178E-006
  -2.3501713960547872E-005
   9.9115216538005279E-006
  -3.9508372134563570E-005
   1.0937571585037599E-005
  -5.0259711043762560E-005
   1.0227746519070245E-005
  -5.7470382012687309E-005
   8.4419538643457616E-006
  -6.2263217718620852E-005
   6.0260952028362197E-006
  -6.5300964881401165E-005
   3.2702066180772660E-006
  -6.6967033595299188E-005
   3.7165441772172809E-007
  -6.7459947002211870E-005
  -2.5142416704075734E-006
  -6.6836026549140702E-005
  -5.2317751437327383E-006
  -6.5022607650258007E-005
  -7.5854389084660879E-006
  -6.1809510647613865E-005
  -9.3003373056578861E-006
  -5.6817186090092779E-005
  -9.9831512388457310E-006
  -4.9431248185043062E-005
  -9.0943005449110354E-006
  -3.8680832618001247E-005
  -5.9694976089010694E-006
  -2.3021089392370969E-005
   0.0000000000000000     
   0.0000000000000000     
   0.0000000000000000     
   0.0000000000000000     
   6.9688830030366221E-006
  -1.8577050239285166E-005
   1.0141427357519190E-005
  -2.9849755624339255E-005
   1.0586258853585864E-005
  -3.6874266649185926E-005
   9.5355428236263288E-006
  -4.1500991655552723E-005
   7.6671684460965721E-006
  -4.4572580058313156E-005
   5.3582391867596796E-006
  -4.6526346430175380E-005
   2.8260362062615358E-006
  -4.7602680455202461E-005
   2.0477874524887862E-007
  -4.7922907998850072E-005
  -2.4056046048736824E-006
  -4.7519590461954711E-005
  -4.9014574992673665E-006
  -4.6344182326563083E-005
  -7.1382033669915624E-006
  -4.4258056889923709E-005
  -8.8862171265241230E-006
  -4.1003056024448800E-005
  -9.7725118752275944E-006
  -3.6136015455875533E-005
  -9.2048649344402613E-006
  -2.8886356369953794E-005
  -6.3020483583811990E-006
  -1.7823931683358852E-005
   0.0000000000000000     
   0.0000000000000000     
   0.0000000000000000     
   0.0000000000000000     
   6.2297642709116415E-006
  -1.1644190530449825E-005
   7.7135856247411416E-006
  -1.6879929847094384E-005
   7.4770256644504848E-006
  -2.0094517395478760E-005
   6.4550415154728968E-006
  -2.2242408241654411E-005
   5.0504113227234900E-006
  -2.3690846402173869E-005
   3.4594670479806084E-006
  -2.4624448145493456E-005
   1.7823293156875411E-006
  -2.5144486305338401E-005
   7.2459174923050299E-008
  -2.5302203325020126E-005
  -1.6350537481691632E-006
  -2.5111091333611109E-005
  -3.3021185043915544E-006
  -2.4549428387217716E-005
  -4.8651866598170916E-006
  -2.3555054094028702E-005
  -6.2034408499235421E-006
  -2.2008894000372300E-005
  -7.0836697091721448E-006
  -1.9694695923203069E-005
  -7.0535400250005541E-006
  -1.6195704716182013E-005
  -5.2299796359848806E-006
  -1.0577666888578112E-005
   0.0000000000000000     
   0.0000000000000000     
   0.0000000000000000     
   0.0000000000000000     
   0.0000000000000000     
   0.0000000000000000     
   0.0000000000000000     
   0.0000000000000000     
   0.0000000000000000     
   0.0000000000000000     
   0.0000000000000000     
   0.0000000000000000     
   0.0000000000000000     
   0.0000000000000000     
   0.0000000000000000     
   0.0000000000000000     
   0.0000000000000000     
   0.0000000000000000     
   0.0000000000000000     
   0.0000000000000000     
   0.0000000000000000     
   0.0000000000000000     
   0.0000000000000000     
   0.0000000000000000     
   0.0000000000000000     
   0.0000000000000000     
   0.0000000000000000     
   0.0000000000000000     
   0.0000000000000000     
   0.0000000000000000     
   0.0000000000000000     
   0.0000000000000000     
   0.0000000000000000     
   0.0000000000000000     
   0.0000000000000000     
   0.0000000000000000     
