2056
3
1056 1074 1075
277 276 292
566 582 632
591 607 589
245 246 229
192 176 175
210 227 211
320 321 301
513 511 471
207 206 223
224 239 240
427 391 393
321 322 302
421 459 419
635 636 633
970 922 969
509 507 467
937 693 938
744 762 760
527 529 824
136 135 153
795 797 779
704 706 722
723 739 741
806 822 804
701 683 681
307 360 396
122 105 121
57 40 56
376 378 344
408 410 376
378 376 410
358 392 394
368 400 402
456 458 418
464 462 504
660 662 678
398 396 432
429 469 467
608 606 622
697 679 544
192 209 193
289 270 288
261 260 277
273 356 358
460 420 458
74 57 73
249 232 231
81 80 98
126 109 125
333 331 51
25 42 26
114 97 96
329 34 331
133 116 115
66 31 48
47 29 46
167 166 184
349 383 381
214 197 196
294 278 293
457 459 499
187 170 169
96 79 78
196 195 212
582 580 596
607 625 623
590 574 588
671 669 687
622 657 624
610 608 624
551 549 509
614 612 628
676 660 678
644 630 661
652 654 672
627 629 660
888 922 904
385 383 351
939 726 710
826 828 844
543 545 696
828 812 830
874 840 858
31 66 49
864 866 882
764 746 748
802 800 784
789 771 787
979 961 960
924 906 890
792 810 808
689 705 707
542 544 500
703 719 721
910 894 928
1024 1025 1006
657 659 626
500 460 458
687 685 703
669 651 649
708 692 710
774 943 790
717 719 701
667 669 647
865 847 863
504 546 506
753 737 735
498 500 458
839 855 873
717 733 735
833 815 831
1076 1058 1057
813 795 811
1038 1057 1039
850 832 834
958 927 957
326 324 362
336 334 366
328 1 326
40 57 41
86 69 334
6 22 23
88 71 87
20 36 53
54 87 71
22 38 55
88 87 104
122 123 106
87 70 86
107 106 123
106 89 105
155 139 138
370 338 368
137 120 340
120 104 103
121 120 137
104 87 103
376 344 342
120 338 340
378 412 414
368 338 336
442 404 440
370 402 404
400 440 402
372 406 374
404 442 444
530 532 486
454 418 416
731 713 729
448 410 408
173 157 156
344 154 342
512 472 470
502 504 462
496 498 456
456 418 454
342 137 340
138 122 121
372 342 340
154 138 137
172 156 155
139 123 122
374 376 342
155 156 139
205 350 206
258 274 259
260 259 275
242 226 225
258 273 274
290 358 360
292 291 360
274 273 358
352 386 354
388 422 424
570 436 474
424 426 390
574 572 588
556 554 570
560 574 576
558 572 574
590 588 604
428 430 394
295 279 278
279 263 262
556 572 558
564 578 580
158 174 175
243 259 260
193 194 177
177 160 176
229 228 245
241 242 225
384 350 382
222 223 206
192 191 208
206 350 222
208 225 209
241 256 257
19 36 3
73 72 89
140 123 139
141 158 142
157 174 158
173 156 172
75 74 91
143 142 159
127 111 110
61 44 43
110 109 126
161 145 144
127 110 126
127 144 128
77 78 60
144 145 128
79 96 97
196 197 179
180 163 162
232 215 214
180 179 197
287 268 286
262 245 261
304 285 303
280 279 296
251 233 250
198 180 197
287 286 306
285 284 303
306 305 361
304 286 285
45 44 62
27 26 44
162 163 145
180 181 163
199 181 198
198 197 215
11 29 12
45 62 63
116 98 115
64 46 63
147 164 165
151 134 133
525 479 481
441 405 443
152 134 151
99 81 98
170 343 153
68 33 50
170 153 152
48 13 30
365 363 333
119 102 101
187 345 170
373 371 341
169 170 152
345 343 170
185 184 202
377 375 343
220 237 238
166 167 149
270 252 269
266 249 248
555 399 397
359 357 289
571 573 589
391 357 393
395 429 393
397 361 323
427 425 391
353 351 238
443 485 441
515 920 971
423 461 421
411 377 379
425 427 465
431 397 433
688 670 672
377 409 375
451 449 413
535 491 493
435 433 399
603 475 587
589 587 571
433 471 431
465 467 507
429 431 469
595 593 577
571 399 555
571 587 437
613 595 597
587 475 437
611 609 593
323 303 322
559 577 575
555 397 323
595 577 579
573 571 555
296 297 280
301 284 283
314 315 298
317 300 299
319 301 300
578 576 592
579 561 563
640 599 583
559 575 557
641 642 639
597 579 581
599 597 581
593 575 577
607 605 589
641 630 644
605 587 589
613 629 611
658 627 660
627 611 629
694 678 937
694 938 710
694 937 938
707 705 723
736 720 738
819 801 817
674 690 672
704 722 720
720 722 738
724 726 742
756 740 758
901 885 883
469 471 511
609 625 607
648 551 650
623 658 656
619 603 621
674 658 676
668 666 549
535 537 760
670 668 648
706 690 708
772 754 756
939 710 938
686 702 684
467 469 509
465 507 505
509 549 507
443 487 485
970 920 922
664 666 684
796 780 798
533 535 776
760 778 776
483 529 527
808 531 792
752 736 754
718 700 702
712 714 730
734 752 750
730 746 728
784 768 786
754 738 756
834 818 836
858 840 842
519 920 517
890 872 856
872 906 888
1026 1027 1008
912 878 896
523 525 872
872 890 906
527 481 483
521 523 888
363 331 333
1006 1005 1024
1027 1028 1009
970 988 989
1007 1026 1008
1025 1026 1007
1046 1028 1027
1023 1024 1005
1006 988 987
1062 1044 1043
1045 1046 1027
1063 1081 1082
846 864 862
944 790 943
932 914 916
1062 1081 1063
1021 1020 1039
1061 1080 1062
818 820 836
788 790 806
814 796 798
880 896 862
826 824 808
862 896 878
918 952 934
784 800 782
821 946 945
914 930 912
982 964 963
928 966 926
952 962 934
966 985 967
1041 1022 1040
1001 1000 1019
1021 1039 1040
1036 1018 1017
1021 1003 1002
1039 1057 1058
933 952 917
950 902 886
978 996 997
999 998 1017
1056 1038 1037
883 899 901
929 911 927
1036 1035 1054
1052 1033 1051
1057 1038 1056
1049 1048 1067
829 831 813
779 763 761
951 950 901
805 944 789
915 933 917
931 959 960
943 789 944
901 917 951
852 836 854
948 947 853
918 902 951
949 869 885
725 709 707
757 755 773
740 742 758
757 739 755
805 787 803
945 806 944
596 594 610
618 602 510
645 644 935
645 646 643
677 936 661
660 629 631
592 606 608
588 586 602
612 610 626
651 669 671
940 939 725
705 703 721
492 490 534
763 765 747
715 731 733
805 803 821
942 773 943
942 941 757
819 803 801
769 751 767
793 795 777
763 745 761
847 831 829
797 799 781
915 913 931
863 879 881
544 542 695
743 745 727
743 761 745
779 781 763
743 759 761
795 779 777
484 482 528
440 484 442
526 528 482
448 446 490
534 536 492
486 484 530
440 438 482
520 887 522
440 400 438
532 791 775
759 536 534
476 522 478
809 825 827
923 955 956
913 929 931
873 907 891
855 839 524
907 925 891
524 526 480
843 841 859
905 889 871
827 843 845
859 875 893
957 925 956
958 977 959
995 1013 1014
996 977 995
1054 1035 1053
903 919 921
1070 1052 1051
992 974 973
871 524 522
974 975 956
992 1011 993
1051 1050 1069
1032 1033 1014
326 1 324
328 326 362
328 18 1
330 18 328
86 334 336
330 328 362
330 35 18
86 53 69
37 53 70
332 330 362
332 52 35
18 35 2
2 35 19
35 52 19
37 20 53
52 69 36
54 71 38
18 2 1
19 3 2
38 5 21
3 36 20
20 4 3
21 5 4
20 37 4
71 88 55
22 6 5
23 7 6
23 40 24
38 22 5
39 23 22
39 40 23
141 124 140
39 56 40
39 72 56
107 91 90
74 58 57
87 54 70
21 4 37
37 54 21
55 39 22
21 54 38
37 70 54
71 55 38
72 39 55
56 73 57
56 72 73
73 90 74
73 89 90
108 91 107
90 106 107
91 74 90
8 25 9
124 125 108
75 58 74
124 108 107
92 75 91
159 160 143
109 108 125
123 140 124
157 158 141
159 175 176
191 190 207
123 124 107
141 125 124
154 155 138
156 140 139
157 140 156
157 141 140
139 122 138
89 72 88
342 154 137
188 346 348
344 171 154
171 172 155
121 105 104
72 55 88
105 89 88
106 90 89
104 105 88
122 106 105
19 52 36
35 330 332
364 332 362
334 52 332
36 69 53
52 334 69
103 86 336
70 53 86
368 336 366
338 103 336
120 103 338
87 86 103
120 121 104
137 138 121
364 362 400
364 334 332
366 364 400
366 334 364
400 368 366
370 340 338
154 171 155
344 346 171
372 370 404
368 402 370
342 372 374
340 370 372
416 380 414
348 346 380
386 352 384
350 348 382
418 384 382
420 422 386
406 408 374
378 346 344
374 408 376
380 346 378
372 404 406
402 440 404
404 444 406
416 418 382
378 410 412
486 442 484
488 490 446
450 412 448
408 446 448
408 406 444
446 444 488
446 408 444
482 484 440
426 392 390
424 390 388
422 420 460
456 454 496
490 492 448
452 412 450
448 412 410
452 454 414
378 414 380
412 452 414
380 416 382
414 454 416
418 420 384
418 458 420
388 386 422
384 420 386
354 388 390
354 386 388
462 424 460
422 460 424
466 426 464
428 392 426
470 430 468
426 424 464
502 462 460
464 424 462
432 396 430
394 392 428
508 468 466
472 474 434
506 466 464
468 430 428
352 239 223
224 225 208
354 240 239
257 356 273
466 428 426
466 468 428
224 208 207
191 174 190
192 208 209
207 223 224
239 224 223
240 241 224
190 173 189
188 348 205
352 222 350
352 223 222
239 352 354
350 384 352
346 188 171
173 174 157
189 188 205
172 171 188
382 348 380
350 205 348
188 189 172
190 206 207
206 189 205
173 172 189
173 190 174
189 206 190
208 191 207
175 174 191
390 356 354
390 392 356
275 274 358
275 259 274
275 358 290
356 392 358
276 290 291
360 394 396
294 293 308
276 275 290
295 294 309
295 278 294
294 308 309
291 290 360
295 309 310
295 310 311
293 292 360
293 278 277
293 360 307
358 394 360
308 293 307
554 396 398
394 430 396
554 398 436
554 307 396
472 434 432
434 398 432
470 472 432
436 398 434
602 604 588
474 436 434
430 470 432
468 508 510
512 586 474
588 572 586
512 602 586
512 510 602
620 604 618
606 590 604
570 554 436
572 570 586
572 556 570
512 474 472
586 570 474
592 590 606
594 580 578
562 560 576
574 590 576
566 564 580
576 590 592
598 596 612
598 582 596
594 592 608
594 578 592
610 594 608
596 580 594
626 610 624
612 596 610
614 598 612
638 635 598
638 639 636
637 583 567
642 641 644
642 640 639
640 637 639
636 634 633
638 636 635
640 583 637
614 638 598
641 639 638
562 576 578
582 566 580
635 582 598
635 632 582
296 311 312
558 574 560
564 562 578
314 297 313
296 279 295
311 296 295
297 298 281
296 312 313
301 283 300
264 263 280
313 297 296
282 300 283
314 298 297
316 317 299
247 246 263
228 212 211
267 250 249
230 246 247
280 263 279
264 247 263
213 196 212
161 144 160
229 213 212
214 215 197
230 229 246
230 213 229
210 211 194
212 195 211
245 228 244
229 212 228
261 245 244
262 246 245
243 260 244
262 263 246
278 262 261
278 279 262
293 277 292
278 261 277
228 227 244
241 240 256
276 260 275
261 244 260
292 276 291
277 260 276
354 256 240
354 356 256
242 241 257
256 356 257
243 242 259
257 273 258
225 226 209
227 228 211
258 242 257
225 224 241
259 242 258
243 226 242
210 193 209
178 195 179
210 194 193
211 195 194
226 210 209
226 227 210
243 227 226
243 244 227
142 126 125
143 127 126
142 143 126
160 144 143
193 177 176
194 195 178
141 142 125
158 175 159
160 159 176
142 158 159
176 192 193
175 191 192
58 42 41
7 23 24
58 41 57
24 40 41
59 60 43
26 43 44
24 8 7
24 41 25
24 25 8
58 75 59
108 92 91
94 110 111
109 92 108
109 110 93
41 42 25
75 92 76
58 59 42
76 60 59
75 76 59
92 109 93
76 93 77
76 92 93
143 144 127
160 177 161
194 178 177
178 162 161
93 110 94
129 146 147
127 128 111
164 163 181
162 178 179
161 177 178
25 26 9
43 60 61
42 43 26
42 59 43
76 77 60
94 95 77
93 94 77
79 97 80
45 27 44
9 26 27
111 112 94
78 79 61
60 78 61
146 128 145
9 27 10
11 28 29
44 61 62
61 79 62
129 111 128
95 96 78
113 114 96
112 113 95
131 132 114
147 130 129
131 114 113
96 95 113
78 77 95
113 112 130
95 94 112
112 129 130
112 111 129
128 146 129
145 163 146
161 162 145
179 180 162
198 181 180
165 148 147
195 196 179
213 214 196
216 199 198
165 182 183
230 231 213
265 247 264
215 216 198
202 201 219
233 216 215
234 252 235
216 217 199
234 233 251
163 164 146
218 201 200
182 165 164
147 146 164
148 165 166
164 181 182
199 182 181
199 217 200
166 183 184
182 199 200
201 184 183
167 185 168
200 201 183
204 221 349
182 200 183
217 235 218
217 218 200
236 219 218
218 219 201
272 271 357
201 202 184
219 220 202
203 220 221
237 236 255
186 168 185
255 236 254
185 167 184
150 149 167
220 203 202
168 151 150
187 186 204
185 202 203
150 133 132
98 97 115
150 132 149
115 97 114
131 148 149
165 183 166
130 131 113
132 115 114
147 148 130
149 132 131
149 148 166
131 130 148
10 27 28
46 28 45
11 10 28
80 63 62
28 27 45
47 46 64
29 28 46
81 63 80
46 45 63
79 80 62
97 98 80
116 99 98
64 63 81
12 29 30
48 31 13
13 12 30
47 65 30
49 84 67
29 47 30
64 82 47
81 82 64
341 153 343
30 65 48
135 152 153
65 83 48
16 33 51
48 83 66
65 82 100
83 101 66
377 343 345
13 31 14
67 32 49
14 31 49
14 49 32
66 84 49
14 32 15
15 32 50
50 33 15
16 15 33
16 34 17
17 34 329
363 327 329
325 17 327
34 51 331
34 16 51
363 329 331
327 17 329
337 367 335
335 365 333
67 50 32
68 51 33
85 68 50
84 102 67
67 85 50
333 51 68
102 85 67
335 68 85
66 101 84
118 135 136
83 100 101
135 118 117
84 101 102
101 118 119
337 102 119
335 85 102
68 335 333
119 136 339
339 337 119
335 102 337
325 327 363
367 365 335
367 401 365
371 403 369
369 401 367
341 136 153
119 118 136
341 339 136
369 337 339
373 341 343
371 339 341
371 369 339
367 337 369
117 100 99
116 133 134
100 117 118
134 152 135
168 186 169
347 345 187
99 100 82
65 47 82
101 100 118
83 65 100
134 117 116
134 135 117
117 99 116
82 81 99
132 133 115
150 167 168
150 151 133
169 152 151
203 186 185
169 151 168
204 186 203
187 169 186
221 204 203
347 187 204
204 349 347
353 255 355
288 270 269
234 217 216
289 271 270
271 252 270
253 236 235
272 253 271
287 359 288
391 389 355
289 357 271
289 288 359
429 395 431
393 359 395
272 254 253
237 220 219
391 355 357
355 254 272
357 355 272
351 383 349
253 235 252
236 218 235
271 253 252
254 236 253
355 255 254
355 389 387
236 237 219
255 353 237
221 220 351
351 220 238
387 353 355
238 237 353
221 351 349
353 385 351
407 405 373
373 405 371
347 379 345
375 407 373
343 375 373
377 411 409
379 377 345
379 381 415
363 365 401
349 381 347
455 419 457
347 381 379
417 419 455
387 385 353
419 383 385
423 387 389
421 385 387
413 411 379
409 407 375
453 413 415
449 411 413
379 415 413
381 383 417
369 403 401
405 407 445
371 405 403
445 409 447
449 409 411
445 443 405
403 405 441
445 489 487
439 441 483
401 403 441
401 441 439
455 453 415
493 449 451
449 447 409
449 491 447
409 445 407
447 489 445
459 457 419
453 451 413
417 455 415
499 459 501
457 499 497
455 495 453
381 417 415
383 419 417
385 421 419
389 391 425
463 505 503
461 463 503
461 423 425
421 387 423
461 425 463
423 389 425
427 429 467
427 393 429
395 397 431
435 475 473
431 471 469
433 435 473
425 465 463
427 467 465
465 505 463
459 421 461
437 435 399
437 475 435
399 571 437
555 557 573
603 513 475
471 433 473
559 561 577
575 573 557
575 591 573
473 475 513
605 621 603
322 303 302
361 303 323
561 579 577
287 306 359
361 395 359
361 359 306
393 357 359
433 397 399
395 361 397
285 268 267
269 252 251
269 287 288
269 268 287
361 305 304
306 286 305
217 234 235
216 233 234
269 251 268
231 214 213
268 251 250
252 234 251
233 232 250
233 215 232
265 266 248
250 232 249
284 267 266
268 250 267
283 284 266
302 303 284
268 285 286
267 284 285
301 302 284
301 321 302
361 304 303
305 286 304
318 319 300
567 634 637
319 320 301
581 583 599
247 248 230
232 214 231
283 266 265
267 249 266
282 283 265
316 298 315
231 248 249
231 230 248
247 265 248
264 282 265
281 282 264
281 298 299
280 281 264
280 297 281
282 299 300
282 281 299
298 316 299
317 318 300
632 635 633
565 567 583
636 637 634
636 639 637
563 565 581
563 581 579
565 583 581
575 593 591
595 611 593
573 591 589
593 609 591
591 609 607
611 627 609
643 599 640
597 595 579
615 597 599
615 613 597
645 643 642
615 599 643
595 613 611
615 631 613
645 642 644
643 640 642
646 645 935
646 615 643
662 631 646
629 613 631
587 605 603
607 623 605
625 627 658
625 609 627
511 619 551
621 623 656
605 623 621
625 658 623
654 656 674
654 621 656
551 654 652
619 621 654
662 646 935
631 615 646
936 662 935
660 631 662
692 676 694
658 660 676
936 937 678
709 691 707
692 694 710
676 678 694
940 742 726
724 708 726
758 742 941
740 722 724
757 941 741
942 943 774
942 758 941
770 772 788
942 774 758
790 788 772
944 806 790
818 802 820
945 822 806
886 949 950
654 674 672
656 658 674
674 692 690
674 676 692
692 708 690
710 726 708
740 724 742
722 706 724
702 686 704
666 668 686
688 706 704
708 724 706
702 704 720
686 688 704
774 756 758
738 722 740
740 756 738
770 788 786
774 772 756
774 790 772
770 786 768
804 820 802
788 804 786
788 806 804
822 820 804
822 838 820
736 718 720
698 716 696
752 754 770
736 738 754
752 770 768
754 772 770
684 666 686
684 682 664
700 680 682
664 547 549
702 682 684
680 545 547
652 670 650
672 690 688
648 668 549
670 688 668
706 688 690
686 668 688
473 513 471
603 619 511
511 551 509
619 654 551
670 652 672
650 551 652
469 511 509
513 603 511
670 648 650
549 551 648
666 664 549
547 507 549
682 547 664
501 503 545
682 680 547
682 702 700
547 545 505
680 700 698
720 718 702
698 545 680
718 716 700
541 543 712
734 718 736
734 716 718
700 716 698
734 750 732
716 714 696
716 734 732
696 714 543
784 766 768
714 732 730
714 716 732
501 461 503
507 547 505
698 696 545
714 712 543
730 541 712
501 545 543
459 461 501
505 545 503
539 495 497
457 497 455
543 499 501
497 495 455
543 541 499
495 493 453
537 495 539
497 541 539
535 493 537
451 453 493
445 487 443
489 491 533
483 485 529
487 531 485
439 483 481
441 485 483
447 491 489
449 493 491
746 744 728
497 499 541
541 730 728
732 750 748
728 539 541
537 493 495
537 744 760
539 728 744
744 537 539
760 776 535
760 762 778
744 746 762
515 477 517
439 481 479
439 479 477
778 796 794
533 491 535
531 533 792
487 489 533
776 792 533
842 844 860
485 531 529
487 533 531
810 794 812
778 762 780
776 794 792
776 778 794
830 812 814
794 796 812
824 826 842
792 794 810
778 780 796
762 746 764
814 798 816
766 748 750
830 814 832
812 796 814
730 748 746
730 732 748
780 764 782
780 762 764
780 782 798
764 748 766
750 752 768
734 736 752
768 766 750
782 764 766
804 802 786
782 766 784
818 800 802
784 786 802
798 800 816
798 782 800
852 834 836
816 800 818
834 816 818
832 814 816
878 844 862
810 812 828
846 844 828
874 908 890
878 860 844
878 894 860
912 894 878
910 876 894
926 910 928
926 892 910
930 965 928
966 967 926
842 876 858
860 894 876
856 840 874
876 910 892
924 926 967
908 892 926
828 826 810
529 531 808
842 826 844
808 810 826
876 842 860
824 529 808
525 527 840
525 481 527
840 824 842
840 527 824
892 858 876
874 890 856
888 523 872
523 479 525
525 856 872
525 840 856
477 523 521
477 479 523
904 519 521
519 477 521
888 904 521
517 477 519
920 515 517
892 874 858
892 908 874
908 924 890
968 967 986
906 922 888
920 519 904
924 922 906
920 904 922
987 969 968
989 1008 990
987 988 969
1007 1008 989
970 989 971
988 1007 989
988 970 969
971 920 970
989 990 971
1008 1009 990
1008 1027 1009
1026 1045 1027
1046 1047 1028
1046 1065 1047
1065 1066 1047
1065 1084 1066
1083 1064 1082
1065 1046 1064
1065 1064 1083
1066 1084 1085
1065 1083 1084
1044 1026 1025
1044 1045 1026
1063 1045 1044
1064 1046 1045
1064 1063 1082
1064 1045 1063
922 924 968
908 926 924
922 968 969
924 967 968
986 987 968
986 1005 987
966 984 985
1006 1025 1007
1004 1005 986
1004 1023 1005
988 1006 1007
987 1005 1006
1003 1022 1004
1043 1044 1025
1041 1042 1023
1043 1025 1024
1023 1042 1024
1043 1061 1062
1044 1062 1063
1042 1041 1060
1040 1059 1041
1076 1057 1075
1060 1041 1059
1062 1080 1081
1061 1079 1080
1060 1059 1078
1040 1039 1058
1061 1060 1079
1061 1042 1060
1079 1060 1078
912 930 928
985 1004 986
964 983 965
983 982 1001
985 1003 1004
1002 983 1001
967 985 986
984 1003 985
1023 1022 1041
1023 1004 1022
1043 1042 1061
1043 1024 1042
914 912 896
928 894 912
880 882 898
964 965 930
965 966 928
965 984 966
848 846 830
846 828 830
844 846 862
848 832 850
882 880 864
880 862 864
850 834 852
832 816 834
866 850 868
866 848 850
846 848 864
830 832 848
900 902 918
864 848 866
868 884 866
932 964 930
880 898 896
918 916 900
898 914 896
932 934 963
951 902 950
870 852 854
916 918 934
884 882 866
898 916 914
898 882 900
820 838 836
868 850 852
870 886 868
900 882 884
902 900 884
916 898 900
945 946 822
821 803 819
836 838 854
822 946 838
868 852 870
838 946 947
821 837 946
854 838 947
870 948 949
854 947 948
884 868 886
854 948 870
884 886 902
870 949 886
1000 1001 982
963 934 962
980 999 981
983 1002 984
981 1000 982
1002 1003 984
914 932 930
916 934 932
981 963 962
964 932 963
965 983 984
964 982 983
1020 1002 1001
1020 1021 1002
1022 1021 1040
1022 1003 1021
1059 1058 1077
1059 1040 1058
999 1000 981
1018 1019 1000
1020 1019 1038
1020 1001 1019
1020 1038 1039
1019 1018 1037
1078 1059 1077
952 951 917
952 918 951
963 981 982
962 961 980
1077 1058 1076
948 869 949
885 867 883
949 885 950
869 851 867
885 901 950
867 851 849
960 933 931
961 952 933
980 961 979
962 952 961
998 980 979
981 962 980
998 999 980
1018 1000 999
1055 1056 1037
1038 1019 1037
1057 1056 1075
1037 1036 1055
978 960 959
961 933 960
978 997 979
1016 1035 1017
1034 1053 1035
1074 1056 1055
915 931 933
929 959 931
999 1017 1018
998 997 1016
1018 1036 1037
1017 1035 1036
867 849 865
799 801 783
883 867 865
831 815 813
865 863 881
879 895 897
881 883 865
885 869 867
897 899 881
899 917 901
881 899 883
897 913 915
899 915 917
899 897 915
749 765 767
801 799 817
785 801 803
767 751 749
851 835 833
833 835 817
785 783 801
765 763 781
817 799 815
783 765 781
851 833 849
817 815 833
763 747 745
753 751 769
765 749 747
765 783 767
797 781 779
799 783 781
542 713 695
749 751 733
785 767 783
785 769 767
787 769 785
753 755 737
723 721 739
735 751 753
771 753 769
755 739 737
771 755 753
771 773 755
769 787 771
785 803 787
835 819 817
835 851 853
869 853 851
837 947 946
944 805 945
819 835 837
819 837 821
853 947 837
835 853 837
869 948 853
941 940 741
941 742 940
739 757 741
773 942 757
773 789 943
773 771 789
787 805 789
821 945 805
677 693 937
691 673 689
725 939 709
938 693 709
709 939 938
940 726 939
675 673 691
669 667 687
725 707 723
709 693 691
741 725 723
741 940 725
677 659 675
653 550 651
673 671 689
673 653 671
657 673 675
655 653 673
693 677 675
936 935 661
937 936 677
678 662 936
707 691 689
693 675 691
673 657 655
626 628 612
675 659 657
661 630 659
677 661 659
935 644 661
641 614 630
641 638 614
657 626 624
628 630 614
659 628 626
659 630 628
468 510 470
510 550 618
604 602 618
667 665 685
620 618 653
620 606 604
622 620 655
622 606 620
657 622 655
624 608 622
653 651 671
647 548 667
620 653 655
618 550 653
508 548 550
508 506 548
665 667 548
685 687 667
689 687 705
689 671 687
470 510 512
508 550 510
649 647 669
550 548 647
550 649 651
550 647 649
546 663 548
508 466 506
464 504 506
458 456 498
506 546 548
683 685 665
544 546 504
681 683 663
663 665 548
663 683 665
697 544 695
679 546 544
546 681 663
679 697 699
729 747 731
544 504 502
713 715 695
721 737 739
681 699 701
697 715 699
679 681 546
679 699 681
685 701 703
685 683 701
687 703 705
701 719 703
699 717 701
699 715 717
705 721 723
719 737 721
719 735 737
733 751 735
711 713 542
731 749 733
695 715 697
713 731 715
733 717 715
735 719 717
711 729 713
747 749 731
861 863 845
865 849 847
845 863 847
861 879 863
881 879 897
927 909 925
845 843 861
791 809 793
861 877 895
861 843 877
861 895 879
893 909 927
829 811 827
795 793 811
829 827 845
811 793 809
847 829 845
813 811 829
777 779 761
795 813 797
815 797 813
815 799 797
849 831 847
849 833 831
540 711 542
729 745 747
540 727 729
538 743 727
540 729 711
727 745 729
500 502 460
500 544 502
496 540 498
498 540 542
500 498 542
538 727 540
452 494 454
496 538 540
450 492 452
494 536 538
496 494 538
490 488 532
536 743 538
536 759 743
486 532 488
775 777 759
775 759 534
777 761 759
809 827 811
793 777 775
823 807 528
532 534 490
528 807 530
825 843 827
775 791 793
807 825 809
454 494 496
492 536 494
807 791 530
775 534 532
530 791 532
807 809 791
452 492 494
450 448 492
444 486 488
444 442 486
478 480 438
480 526 482
438 480 482
478 524 480
919 954 921
478 438 476
484 528 530
526 839 823
526 823 528
841 843 825
522 524 478
871 855 524
841 839 857
526 524 839
823 825 807
823 839 841
823 841 825
859 877 843
857 875 841
875 891 909
841 875 859
857 839 873
857 891 875
905 871 887
877 893 911
877 859 893
520 522 476
887 871 522
857 873 891
855 871 889
518 520 476
518 903 520
516 518 476
919 514 953
514 516 476
954 953 972
954 973 955
516 919 518
516 514 919
973 974 955
921 954 955
919 953 954
1011 1029 1030
873 889 907
887 903 921
974 956 955
975 957 956
972 973 954
1011 992 1010
923 925 907
873 855 889
520 903 887
518 919 903
921 905 887
921 955 923
905 923 889
923 956 925
875 909 893
891 925 909
889 923 907
905 921 923
913 911 929
895 877 911
895 913 897
895 911 913
929 927 958
911 893 927
959 977 978
976 975 994
960 978 979
997 1015 1016
977 996 978
977 976 995
977 958 976
927 925 957
976 958 957
959 929 958
957 975 976
975 993 994
996 995 1014
975 974 993
1050 1032 1031
1014 1015 996
1032 1014 1013
1033 1015 1014
1031 1032 1013
1051 1033 1032
979 997 998
996 1015 997
998 1016 1017
1015 1034 1016
1016 1034 1035
1015 1033 1034
1055 1054 1073
1034 1033 1052
1072 1054 1053
1055 1036 1054
1055 1073 1074
1071 1052 1070
1069 1070 1051
1053 1034 1052
1071 1053 1052
1072 1053 1071
1073 1054 1072
1012 1031 1013
1050 1051 1032
1049 1050 1031
1049 1068 1050
1050 1068 1069
994 993 1012
973 972 991
995 994 1013
995 976 994
994 1012 1013
992 973 991
1011 1030 1012
974 992 993
991 1010 992
1030 1049 1031
993 1011 1012
1030 1048 1049
1010 1029 1011
1012 1030 1031
1029 1048 1030
1049 1067 1068
