   0.0000000000000000     
   0.0000000000000000     
   0.0000000000000000     
   0.0000000000000000     
   0.0000000000000000     
   0.0000000000000000     
   0.0000000000000000     
   0.0000000000000000     
   0.0000000000000000     
   0.0000000000000000     
   0.0000000000000000     
   0.0000000000000000     
   0.0000000000000000     
   0.0000000000000000     
   0.0000000000000000     
   0.0000000000000000     
   0.0000000000000000     
   0.0000000000000000     
   0.0000000000000000     
   0.0000000000000000     
  -2.6887570336278217     
 -0.63479240830541350     
  -6.6565715825238136     
  0.59405438812383848     
  -11.401913453008060     
  0.68672544839664773     
  -14.261996063729855     
   1.1752661008028078     
  -8.9287642433896490     
   5.4275211887825607     
  -5.7190687158633278     
   4.3723301693055241     
  -5.4045558648195602     
   6.4851388860260686     
   0.0000000000000000     
   0.0000000000000000     
   0.0000000000000000     
   0.0000000000000000     
  -1.6058058845020708     
 -0.96426349301318171     
  -3.4065371671087394     
  0.19676697122135589     
  -8.1268436659218999     
   3.7832524282273634     
  -14.663588544092542     
   3.5349447924965101     
  -15.010779258017607     
   6.2830534237874724     
  -11.611926288052690     
   7.7298346659527155     
  -8.7760936149848323     
   6.9552702253182472     
   0.0000000000000000     
   0.0000000000000000     
   0.0000000000000000     
   0.0000000000000000     
  -2.7056875907825226     
 -0.99748055737736296     
  -4.2024380530955572     
  -2.6354803033148113     
  -5.2479445627275902     
  -3.1302827584752708     
  -12.496361827097777     
 -0.74854428160195496     
  -11.992215046511721     
   3.7077434203209023     
  -9.4414116206912979     
   6.1886481584263251     
  -6.0241391054636768     
   3.6497127832267795     
   0.0000000000000000     
   0.0000000000000000     
   0.0000000000000000     
   0.0000000000000000     
  -3.0795195698927866     
  -2.7616050887634782     
  -5.0251818593260715     
  -2.9174842996171879     
  -8.5029803812315254     
  -3.0121214110437058     
  -10.943671767530489     
 -0.24805685896139734     
  -7.0788087247652882     
   1.2113995207444372     
  -4.4027016055457358     
   3.8191112066597359     
  -1.9914747448783134     
   2.0735486475145475     
   0.0000000000000000     
   0.0000000000000000     
   0.0000000000000000     
   0.0000000000000000     
  -1.5993327906864956     
  -1.9406096644910609     
  -3.9430904405867873     
  -1.7904205243503728     
  -7.4776772258069206     
  -1.0993330143293367     
  -7.7662739122647242     
   1.6886254726878063     
  -5.8227719271342302     
   2.8885468052931387     
  -3.5331994990841791     
   3.5974877349087917     
  -2.0856759749427267     
   3.0764552920492076     
   0.0000000000000000     
   0.0000000000000000     
   0.0000000000000000     
   0.0000000000000000     
  -1.8713494902730949     
 -0.71167601823668003     
  -3.1809195006553010     
 -0.45690125927200975     
  -5.2398910167381239     
  0.14315152888320315     
  -6.1245005284714011     
   1.8818747016830426     
  -3.9918058841317450     
   1.1150575063422594     
  -2.7281492228868225     
   1.7417382700988637     
  -1.1651127833300867     
   1.6681825402773838     
   0.0000000000000000     
   0.0000000000000000     
   0.0000000000000000     
   0.0000000000000000     
 -0.28645755560232278     
 -0.68812783235603958     
  -2.4498615441778648     
  0.62330440824443856     
  -3.6681580102798752     
  0.33439097076286534     
  -3.8344254851359101     
  0.19889850598250655     
  -2.4271873904811727     
   5.8863200402361135E-002
 -0.88702405481103663     
  0.49833818931457396     
  0.11217409962294024     
   1.0764170974911518     
   0.0000000000000000     
   0.0000000000000000     
   1.0000000000000000     
   0.0000000000000000     
   1.0000000000000000     
   0.0000000000000000     
   1.0000000000000000     
   0.0000000000000000     
   1.0000000000000000     
   0.0000000000000000     
   1.0000000000000000     
   0.0000000000000000     
   1.0000000000000000     
   0.0000000000000000     
   1.0000000000000000     
   0.0000000000000000     
   1.0000000000000000     
   0.0000000000000000     
   1.0000000000000000     
   0.0000000000000000     
   0.0000000000000000     
   0.0000000000000000     
   0.0000000000000000     
   0.0000000000000000     
   0.0000000000000000     
   0.0000000000000000     
   0.0000000000000000     
   0.0000000000000000     
   0.0000000000000000     
   0.0000000000000000     
   0.0000000000000000     
   0.0000000000000000     
   0.0000000000000000     
   0.0000000000000000     
   0.0000000000000000     
   0.0000000000000000     
   0.0000000000000000     
   0.0000000000000000     
   0.0000000000000000     
   0.0000000000000000     
 -0.70192881502994398     
 -0.98555778644231395     
   1.9386883845625873     
 -0.49269777590883973     
   8.9570476098368736     
   2.7392003240505236     
   14.057006950151552     
   10.691536160092790     
   6.1835065241625298     
   15.368661035746301     
   6.3774333016519211     
   14.443347751730803     
   2.8542973950770660     
   11.397516467710600     
   0.0000000000000000     
   0.0000000000000000     
   0.0000000000000000     
   0.0000000000000000     
  -7.7802072404053275     
  -2.2079896009282716     
  -15.299536517228089     
   2.0413755449300837     
  -16.398023061178044     
   4.5631207541144390     
  -17.210052485720201     
   13.556047737945740     
  -15.901935588876933     
   23.270012171720051     
  -6.9515253653772735     
   22.257124486324617     
  -3.4447497285110966     
   17.022065584093614     
   0.0000000000000000     
   0.0000000000000000     
   0.0000000000000000     
   0.0000000000000000     
  -8.3135164974979414     
  -2.3742372481216512     
  -18.603124970675093     
   3.0424203785423440     
  -28.558304383405549     
   6.5128665103569077     
  -28.836065764172105     
   8.9919701483662386     
  -20.897524070590489     
   16.466371532099863     
  -11.431718697211249     
   19.739928071739541     
  -4.5006157345068534     
   16.229866585545587     
   0.0000000000000000     
   0.0000000000000000     
   0.0000000000000000     
   0.0000000000000000     
  -7.6866784649666542     
 -0.51363681314895193     
  -16.759585684773192     
   4.4975502321798846     
  -21.046604508426359     
   7.8009060084593784     
  -23.125784246718435     
   12.008240795938491     
  -14.627730869088616     
   11.125826196440455     
  -10.946962894397647     
   13.172250861146937     
  -2.8085680473129684     
   6.2390248911572925     
   0.0000000000000000     
   0.0000000000000000     
   0.0000000000000000     
   0.0000000000000000     
  -7.1539786191999060     
   2.9312868860724759     
  -13.274358386780793     
   2.7549727620331534     
  -16.036904855006778     
   7.8644625446773944     
  -12.229372065005879     
   11.961244657827137     
  -5.2838641752348927     
   9.9198243085472040     
 -0.91843182886962993     
   8.7927196304576007     
 -0.27552772550046850     
   4.9274812782220430     
   0.0000000000000000     
   0.0000000000000000     
   0.0000000000000000     
   0.0000000000000000     
  -5.2851754159539963     
   3.5344599321831294     
  -10.612727775245469     
   4.2237137034365828     
  -11.973261009442565     
   6.3463610101274037     
  -8.5912032714027653     
   6.8840274617945605     
  -5.0431478025195151     
   6.6549121445923474     
  -2.0480431679299880     
   6.7302353072504824     
  -1.4847969760549586     
   4.2792096676221973     
   0.0000000000000000     
   0.0000000000000000     
   0.0000000000000000     
   0.0000000000000000     
  -3.3287787001512008     
   3.2872849043656358     
  -4.2749193831394452     
   1.8586061663999223     
  -4.4734880367319789     
   2.7197168973829466     
  -4.4336324946025734     
   2.8254423423626531     
  -2.5156408867579816     
   3.0952701838655918     
  -1.9054887485261587     
   3.4311974692428127     
 -0.30999568359761687     
