1085
2
0.0000000000000000 0.6666666666666666
0.0000000000000000 1.3333333333333333
0.0000000000000000 2.0000000000000000
0.0000000000000000 2.6666666666666665
0.0000000000000000 3.3333333333333335
0.0000000000000000 4.0000000000000000
0.0000000000000000 4.6666666666666670
0.0000000000000000 5.3333333333333330
0.0000000000000000 6.0000000000000000
0.0000000000000000 6.6666666666666670
0.0000000000000000 7.3333333333333339
0.0000000000000000 8.0000000000000000
0.0000000000000000 8.6666666666666661
0.0000000000000000 9.3333333333333339
0.0000000000000000 10.0000000000000000
0.0000000000000000 10.6666666666666661
0.0000000000000000 11.3333333333333321
0.2500000000000000 0.9382716049382716
0.2500000000000000 1.5709876543209875
0.2500000000000000 2.2037037037037033
0.2500000000000000 2.8364197530864192
0.2500000000000000 3.4691358024691352
0.2500000000000000 4.1018518518518512
0.2500000000000000 4.7345679012345681
0.2500000000000000 5.3672839506172831
0.2500000000000000 5.9999999999999991
0.2500000000000000 6.6327160493827151
0.2500000000000000 7.2654320987654319
0.2500000000000000 7.8981481481481470
0.2500000000000000 8.5308641975308621
0.2500000000000000 9.1635802469135808
0.2500000000000000 9.7962962962962958
0.2500000000000000 10.4290123456790109
0.2500000000000000 11.0617283950617260
0.5000000000000000 1.2098765432098766
0.5000000000000000 1.8086419753086420
0.5000000000000000 2.4074074074074074
0.5000000000000000 3.0061728395061729
0.5000000000000000 3.6049382716049387
0.5000000000000000 4.2037037037037033
0.5000000000000000 4.8024691358024683
0.5000000000000000 5.4012345679012341
0.5000000000000000 5.9999999999999991
0.5000000000000000 6.5987654320987659
0.5000000000000000 7.1975308641975309
0.5000000000000000 7.7962962962962958
0.5000000000000000 8.3950617283950617
0.5000000000000000 8.9938271604938258
0.5000000000000000 9.5925925925925934
0.5000000000000000 10.1913580246913575
0.5000000000000000 10.7901234567901216
0.7500000000000000 1.4814814814814814
0.7500000000000000 2.0462962962962963
0.7500000000000000 2.6111111111111112
0.7500000000000000 3.1759259259259260
0.7500000000000000 3.7407407407407409
0.7500000000000000 4.3055555555555554
0.7500000000000000 4.8703703703703702
0.7500000000000000 5.4351851851851860
0.7500000000000000 6.0000000000000000
0.7500000000000000 6.5648148148148158
0.7500000000000000 7.1296296296296306
0.7500000000000000 7.6944444444444446
0.7500000000000000 8.2592592592592595
0.7500000000000000 8.8240740740740744
0.7500000000000000 9.3888888888888875
0.7500000000000000 9.9537037037037042
0.7500000000000000 10.5185185185185155
1.0000000000000000 1.7530864197530862
1.0000000000000000 2.2839506172839501
1.0000000000000000 2.8148148148148144
1.0000000000000000 3.3456790123456788
1.0000000000000000 3.8765432098765427
1.0000000000000000 4.4074074074074066
1.0000000000000000 4.9382716049382713
1.0000000000000000 5.4691358024691352
1.0000000000000000 6.0000000000000000
1.0000000000000000 6.5308641975308639
1.0000000000000000 7.0617283950617296
1.0000000000000000 7.5925925925925917
1.0000000000000000 8.1234567901234556
1.0000000000000000 8.6543209876543212
1.0000000000000000 9.1851851851851851
1.0000000000000000 9.7160493827160472
1.0000000000000000 10.2469135802469111
1.2500000000000000 2.0246913580246915
1.2500000000000000 2.5216049382716053
1.2500000000000000 3.0185185185185186
1.2500000000000000 3.5154320987654319
1.2500000000000000 4.0123456790123457
1.2500000000000000 4.5092592592592595
1.2500000000000000 5.0061728395061724
1.2500000000000000 5.5030864197530862
1.2500000000000000 6.0000000000000000
1.2500000000000000 6.4969135802469138
1.2500000000000000 6.9938271604938276
1.2500000000000000 7.4907407407407405
1.2500000000000000 7.9876543209876543
1.2500000000000000 8.4845679012345681
1.2500000000000000 8.9814814814814827
1.2500000000000000 9.4783950617283956
1.2500000000000000 9.9753086419753068
1.5000000000000000 2.2962962962962963
1.5000000000000000 2.7592592592592591
1.5000000000000000 3.2222222222222223
1.5000000000000000 3.6851851851851851
1.5000000000000000 4.1481481481481479
1.5000000000000000 4.6111111111111107
1.5000000000000000 5.0740740740740744
1.5000000000000000 5.5370370370370363
1.5000000000000000 6.0000000000000000
1.5000000000000000 6.4629629629629628
1.5000000000000000 6.9259259259259265
1.5000000000000000 7.3888888888888884
1.5000000000000000 7.8518518518518512
1.5000000000000000 8.3148148148148167
1.5000000000000000 8.7777777777777786
1.5000000000000000 9.2407407407407405
1.5000000000000000 9.7037037037037024
1.7500000000000000 2.5679012345679011
1.7500000000000000 2.9969135802469133
1.7500000000000000 3.4259259259259256
1.7500000000000000 3.8549382716049383
1.7500000000000000 4.2839506172839510
1.7500000000000000 4.7129629629629628
1.7500000000000000 5.1419753086419755
1.7500000000000000 5.5709876543209873
1.7500000000000000 6.0000000000000000
1.7500000000000000 6.4290123456790127
1.7500000000000000 6.8580246913580254
1.7500000000000000 7.2870370370370363
1.7500000000000000 7.7160493827160490
1.7500000000000000 8.1450617283950617
1.7500000000000000 8.5740740740740744
1.7500000000000000 9.0030864197530853
1.7500000000000000 9.4320987654320980
2.0000000000000000 2.8395061728395059
2.0000000000000000 3.2345679012345676
2.0000000000000000 3.6296296296296293
2.0000000000000000 4.0246913580246915
2.0000000000000000 4.4197530864197532
2.0000000000000000 4.8148148148148149
2.0000000000000000 5.2098765432098766
2.0000000000000000 5.6049382716049383
2.0000000000000000 6.0000000000000000
2.0000000000000000 6.3950617283950617
2.0000000000000000 6.7901234567901234
2.0000000000000000 7.1851851851851851
2.0000000000000000 7.5802469135802468
2.0000000000000000 7.9753086419753085
2.0000000000000000 8.3703703703703702
2.0000000000000000 8.7654320987654319
2.0000000000000000 9.1604938271604937
2.2500000000000000 3.1111111111111112
2.2500000000000000 3.4722222222222223
2.2500000000000000 3.8333333333333330
2.2500000000000000 4.1944444444444446
2.2500000000000000 4.5555555555555554
2.2500000000000000 4.9166666666666661
2.2500000000000000 5.2777777777777786
2.2500000000000000 5.6388888888888893
2.2500000000000000 6.0000000000000000
2.2500000000000000 6.3611111111111107
2.2500000000000000 6.7222222222222223
2.2500000000000000 7.0833333333333330
2.2500000000000000 7.4444444444444438
2.2500000000000000 7.8055555555555562
2.2500000000000000 8.1666666666666679
2.2500000000000000 8.5277777777777786
2.2500000000000000 8.8888888888888893
2.5000000000000000 3.3827160493827164
2.5000000000000000 3.7098765432098766
2.5000000000000000 4.0370370370370372
2.5000000000000000 4.3641975308641978
2.5000000000000000 4.6913580246913584
2.5000000000000000 5.0185185185185190
2.5000000000000000 5.3456790123456788
2.5000000000000000 5.6728395061728403
2.5000000000000000 6.0000000000000000
2.5000000000000000 6.3271604938271615
2.5000000000000000 6.6543209876543212
2.5000000000000000 6.9814814814814810
2.5000000000000000 7.3086419753086425
2.5000000000000000 7.6358024691358022
2.5000000000000000 7.9629629629629637
2.5000000000000000 8.2901234567901234
2.5000000000000000 8.6172839506172831
2.7500000000000000 3.6543209876543212
2.7500000000000000 3.9475308641975313
2.7500000000000000 4.2407407407407414
2.7500000000000000 4.5339506172839510
2.7500000000000000 4.8271604938271615
2.7500000000000000 5.1203703703703702
2.7500000000000000 5.4135802469135808
2.7500000000000000 5.7067901234567904
2.7500000000000000 6.0000000000000009
2.7500000000000000 6.2932098765432105
2.7500000000000000 6.5864197530864210
2.7500000000000000 6.8796296296296298
2.7500000000000000 7.1728395061728403
2.7500000000000000 7.4660493827160499
2.7500000000000000 7.7592592592592604
2.7500000000000000 8.0524691358024683
2.7500000000000000 8.3456790123456788
3.0000000000000000 3.9259259259259256
3.0000000000000000 4.1851851851851851
3.0000000000000000 4.4444444444444446
3.0000000000000000 4.7037037037037033
3.0000000000000000 4.9629629629629628
3.0000000000000000 5.2222222222222214
3.0000000000000000 5.4814814814814818
3.0000000000000000 5.7407407407407405
3.0000000000000000 6.0000000000000000
3.0000000000000000 6.2592592592592595
3.0000000000000000 6.5185185185185190
3.0000000000000000 6.7777777777777768
3.0000000000000000 7.0370370370370363
3.0000000000000000 7.2962962962962967
3.0000000000000000 7.5555555555555554
3.0000000000000000 7.8148148148148149
3.0000000000000000 8.0740740740740726
3.2500000000000000 4.1975308641975309
3.2500000000000000 4.4228395061728394
3.2500000000000000 4.6481481481481479
3.2500000000000000 4.8734567901234573
3.2500000000000000 5.0987654320987659
3.2500000000000000 5.3240740740740744
3.2500000000000000 5.5493827160493829
3.2500000000000000 5.7746913580246915
3.2500000000000000 6.0000000000000000
3.2500000000000000 6.2253086419753085
3.2500000000000000 6.4506172839506171
3.2500000000000000 6.6759259259259256
3.2500000000000000 6.9012345679012341
3.2500000000000000 7.1265432098765427
3.2500000000000000 7.3518518518518521
3.2500000000000000 7.5771604938271606
3.2500000000000000 7.8024691358024691
3.5000000000000000 4.4691358024691361
3.5000000000000000 4.6604938271604937
3.5000000000000000 4.8518518518518521
3.5000000000000000 5.0432098765432096
3.5000000000000000 5.2345679012345681
3.5000000000000000 5.4259259259259256
3.5000000000000000 5.6172839506172840
3.5000000000000000 5.8086419753086416
3.5000000000000000 6.0000000000000000
3.5000000000000000 6.1913580246913575
3.5000000000000000 6.3827160493827160
3.5000000000000000 6.5740740740740744
3.5000000000000000 6.7654320987654319
3.5000000000000000 6.9567901234567895
3.5000000000000000 7.1481481481481488
3.5000000000000000 7.3395061728395063
3.5000000000000000 7.5308641975308639
3.7500000000000000 4.7407407407407414
3.7500000000000000 4.8981481481481488
3.7500000000000000 5.0555555555555562
3.7500000000000000 5.2129629629629637
3.7500000000000000 5.3703703703703711
3.7500000000000000 5.5277777777777786
3.7500000000000000 5.6851851851851860
3.7500000000000000 5.8425925925925934
3.7500000000000000 6.0000000000000009
3.7500000000000000 6.1574074074074083
3.7500000000000000 6.3148148148148158
3.7500000000000000 6.4722222222222232
3.7500000000000000 6.6296296296296298
3.7500000000000000 6.7870370370370381
3.7500000000000000 6.9444444444444446
3.7500000000000000 7.1018518518518521
3.7500000000000000 7.2592592592592595
4.0000000000000000 5.0123456790123448
4.0000000000000000 5.1358024691358022
4.0000000000000000 5.2592592592592586
4.0000000000000000 5.3827160493827151
4.0000000000000000 5.5061728395061724
4.0000000000000000 5.6296296296296289
4.0000000000000000 5.7530864197530862
4.0000000000000000 5.8765432098765427
4.0000000000000000 6.0000000000000000
4.0000000000000000 6.1234567901234565
4.0000000000000000 6.2469135802469129
4.0000000000000000 6.3703703703703702
4.0000000000000000 6.4938271604938267
4.0000000000000000 6.6172839506172831
4.0000000000000000 6.7407407407407405
4.0000000000000000 6.8641975308641969
4.0000000000000000 6.9876543209876534
4.2500000000000000 5.2839506172839510
4.2500000000000000 5.3734567901234573
4.2500000000000000 5.4629629629629628
4.2500000000000000 5.5524691358024691
4.2500000000000000 5.6419753086419755
4.2500000000000000 5.7314814814814818
4.2500000000000000 5.8209876543209882
4.2500000000000000 5.9104938271604937
4.2500000000000000 6.0000000000000000
4.2500000000000000 6.0895061728395063
4.2500000000000000 6.1790123456790127
4.2500000000000000 6.2685185185185190
4.2500000000000000 6.3580246913580245
4.2500000000000000 6.4475308641975309
4.2500000000000000 6.5370370370370372
4.2500000000000000 6.6265432098765435
4.2500000000000000 6.7160493827160490
4.5000000000000000 5.5555555555555554
4.5000000000000000 5.6111111111111107
4.5000000000000000 5.6666666666666670
4.5000000000000000 5.7222222222222223
4.5000000000000000 5.7777777777777777
4.5000000000000000 5.8333333333333330
4.5000000000000000 5.8888888888888893
4.5000000000000000 5.9444444444444446
4.5000000000000000 6.0000000000000000
4.5000000000000000 6.0555555555555554
4.5000000000000000 6.1111111111111107
4.5000000000000000 6.1666666666666670
4.5000000000000000 6.2222222222222223
4.5000000000000000 6.2777777777777777
4.5000000000000000 6.3333333333333330
4.5000000000000000 6.3888888888888893
4.5000000000000000 6.4444444444444446
0.0000000000000000 0.0000000000000000
0.0000000000000000 12.0000000000000000
0.2500000000000000 0.3055555555555555
0.2500000000000000 11.6944444444444446
0.5000000000000000 0.6111111111111110
0.5000000000000000 11.3888888888888893
0.7500000000000000 0.9166666666666666
0.7500000000000000 11.0833333333333339
1.0000000000000000 1.2222222222222221
1.0000000000000000 10.7777777777777786
1.2500000000000000 1.5277777777777779
1.2500000000000000 10.4722222222222214
1.5000000000000000 1.8333333333333333
1.5000000000000000 10.1666666666666661
1.7500000000000000 2.1388888888888888
1.7500000000000000 9.8611111111111107
2.0000000000000000 2.4444444444444442
2.0000000000000000 9.5555555555555554
2.2500000000000000 2.7500000000000000
2.2500000000000000 9.2500000000000000
2.5000000000000000 3.0555555555555558
2.5000000000000000 8.9444444444444446
2.7500000000000000 3.3611111111111116
2.7500000000000000 8.6388888888888893
3.0000000000000000 3.6666666666666665
3.0000000000000000 8.3333333333333339
3.2500000000000000 3.9722222222222223
3.2500000000000000 8.0277777777777786
3.5000000000000000 4.2777777777777777
3.5000000000000000 7.7222222222222223
3.7500000000000000 4.5833333333333339
3.7500000000000000 7.4166666666666661
4.0000000000000000 4.8888888888888884
4.0000000000000000 7.1111111111111116
4.2500000000000000 5.1944444444444446
4.2500000000000000 6.8055555555555554
4.5000000000000000 5.5000000000000000
4.5000000000000000 6.5000000000000000
2.8000000000000003 0.0000000000000000
2.8000000000000003 12.0000000000000000
2.9500000000000002 0.3055555555555555
2.9500000000000002 11.6944444444444446
3.1000000000000001 0.6111111111111110
3.1000000000000001 11.3888888888888893
3.2499999999999996 0.9166666666666666
3.2499999999999996 11.0833333333333339
3.4000000000000004 1.2222222222222221
3.4000000000000004 10.7777777777777786
3.5500000000000003 1.5277777777777779
3.5500000000000003 10.4722222222222214
3.7000000000000006 1.8333333333333333
3.7000000000000006 10.1666666666666661
3.8500000000000001 2.1388888888888888
3.8500000000000001 9.8611111111111107
4.0000000000000000 2.4444444444444442
4.0000000000000000 9.5555555555555554
4.1500000000000004 2.7500000000000000
4.1500000000000004 9.2500000000000000
4.2999999999999998 3.0555555555555558
4.2999999999999998 8.9444444444444446
4.4500000000000002 3.3611111111111116
4.4500000000000002 8.6388888888888893
4.6000000000000005 3.6666666666666665
4.6000000000000005 8.3333333333333339
4.7500000000000000 3.9722222222222223
4.7500000000000000 8.0277777777777786
4.9000000000000004 4.2777777777777777
4.9000000000000004 7.7222222222222223
5.0499999999999998 4.5833333333333339
5.0499999999999998 7.4166666666666661
5.2000000000000002 4.8888888888888884
5.2000000000000002 7.1111111111111116
5.3499999999999996 5.1944444444444446
5.3499999999999996 6.8055555555555554
5.5000000000000000 5.5000000000000000
5.5000000000000000 6.5000000000000000
5.6000000000000005 0.0000000000000000
5.6000000000000005 12.0000000000000000
5.6500000000000004 0.3055555555555555
5.6500000000000004 11.6944444444444446
5.7000000000000002 0.6111111111111110
5.7000000000000002 11.3888888888888893
5.7499999999999991 0.9166666666666666
5.7499999999999991 11.0833333333333339
5.8000000000000007 1.2222222222222221
5.8000000000000007 10.7777777777777786
5.8500000000000005 1.5277777777777779
5.8500000000000005 10.4722222222222214
5.9000000000000012 1.8333333333333333
5.9000000000000012 10.1666666666666661
5.9500000000000002 2.1388888888888888
5.9500000000000002 9.8611111111111107
6.0000000000000000 2.4444444444444442
6.0000000000000000 9.5555555555555554
6.0500000000000007 2.7500000000000000
6.0500000000000007 9.2500000000000000
6.0999999999999996 3.0555555555555558
6.0999999999999996 8.9444444444444446
6.1500000000000004 3.3611111111111116
6.1500000000000004 8.6388888888888893
6.2000000000000011 3.6666666666666665
6.2000000000000011 8.3333333333333339
6.2500000000000000 3.9722222222222223
6.2500000000000000 8.0277777777777786
6.2999999999999998 4.2777777777777777
6.2999999999999998 7.7222222222222223
6.3499999999999996 4.5833333333333339
6.3499999999999996 7.4166666666666661
6.4000000000000004 4.8888888888888884
6.4000000000000004 7.1111111111111116
6.4500000000000002 5.1944444444444446
6.4500000000000002 6.8055555555555554
6.5000000000000000 5.5000000000000000
6.5000000000000000 6.5000000000000000
8.4000000000000004 0.0000000000000000
8.4000000000000004 12.0000000000000000
8.3499999999999996 0.3055555555555555
8.3499999999999996 11.6944444444444446
8.3000000000000007 0.6111111111111110
8.3000000000000007 11.3888888888888893
8.2500000000000000 0.9166666666666666
8.2500000000000000 11.0833333333333339
8.1999999999999993 1.2222222222222221
8.1999999999999993 10.7777777777777786
8.1499999999999986 1.5277777777777779
8.1499999999999986 10.4722222222222214
8.0999999999999996 1.8333333333333333
8.0999999999999996 10.1666666666666661
8.0500000000000007 2.1388888888888888
8.0500000000000007 9.8611111111111107
7.9999999999999991 2.4444444444444442
7.9999999999999991 9.5555555555555554
7.9500000000000002 2.7500000000000000
7.9500000000000002 9.2500000000000000
7.9000000000000004 3.0555555555555558
7.9000000000000004 8.9444444444444446
7.8499999999999996 3.3611111111111116
7.8499999999999996 8.6388888888888893
7.7999999999999998 3.6666666666666665
7.7999999999999998 8.3333333333333339
7.7500000000000000 3.9722222222222223
7.7500000000000000 8.0277777777777786
7.7000000000000002 4.2777777777777777
7.7000000000000002 7.7222222222222223
7.6500000000000004 4.5833333333333339
7.6500000000000004 7.4166666666666661
7.5999999999999996 4.8888888888888884
7.5999999999999996 7.1111111111111116
7.5499999999999998 5.1944444444444446
7.5499999999999998 6.8055555555555554
7.5000000000000000 5.5000000000000000
7.5000000000000000 6.5000000000000000
11.2000000000000011 0.0000000000000000
11.2000000000000011 12.0000000000000000
11.0500000000000007 0.3055555555555555
11.0500000000000007 11.6944444444444446
10.9000000000000004 0.6111111111111110
10.9000000000000004 11.3888888888888893
10.7499999999999982 0.9166666666666666
10.7499999999999982 11.0833333333333339
10.6000000000000014 1.2222222222222221
10.6000000000000014 10.7777777777777786
10.4500000000000011 1.5277777777777779
10.4500000000000011 10.4722222222222214
10.3000000000000025 1.8333333333333333
10.3000000000000025 10.1666666666666661
10.1500000000000004 2.1388888888888888
10.1500000000000004 9.8611111111111107
10.0000000000000000 2.4444444444444442
10.0000000000000000 9.5555555555555554
9.8500000000000014 2.7500000000000000
9.8500000000000014 9.2500000000000000
9.6999999999999993 3.0555555555555558
9.6999999999999993 8.9444444444444446
9.5500000000000007 3.3611111111111116
9.5500000000000007 8.6388888888888893
9.4000000000000021 3.6666666666666665
9.4000000000000021 8.3333333333333339
9.2500000000000000 3.9722222222222223
9.2500000000000000 8.0277777777777786
9.0999999999999996 4.2777777777777777
9.0999999999999996 7.7222222222222223
8.9499999999999993 4.5833333333333339
8.9499999999999993 7.4166666666666661
8.8000000000000007 4.8888888888888884
8.8000000000000007 7.1111111111111116
8.6500000000000004 5.1944444444444446
8.6500000000000004 6.8055555555555554
8.5000000000000000 5.5000000000000000
8.5000000000000000 6.5000000000000000
14.0000000000000000 0.0000000000000000
14.0000000000000000 12.0000000000000000
13.7500000000000000 0.3055555555555555
13.7500000000000000 11.6944444444444446
13.4999999999999982 0.6111111111111110
13.4999999999999982 11.3888888888888893
13.2500000000000018 0.9166666666666666
13.2500000000000018 11.0833333333333339
13.0000000000000000 1.2222222222222221
13.0000000000000000 10.7777777777777786
12.7500000000000000 1.5277777777777779
12.7500000000000000 10.4722222222222214
12.4999999999999982 1.8333333333333333
12.4999999999999982 10.1666666666666661
12.2500000000000018 2.1388888888888888
12.2500000000000018 9.8611111111111107
12.0000000000000000 2.4444444444444442
12.0000000000000000 9.5555555555555554
11.7500000000000000 2.7500000000000000
11.7500000000000000 9.2500000000000000
11.5000000000000000 3.0555555555555558
11.5000000000000000 8.9444444444444446
11.2500000000000000 3.3611111111111116
11.2500000000000000 8.6388888888888893
11.0000000000000000 3.6666666666666665
11.0000000000000000 8.3333333333333339
10.7500000000000000 3.9722222222222223
10.7500000000000000 8.0277777777777786
10.5000000000000000 4.2777777777777777
10.5000000000000000 7.7222222222222223
10.2500000000000000 4.5833333333333339
10.2500000000000000 7.4166666666666661
10.0000000000000000 4.8888888888888884
10.0000000000000000 7.1111111111111116
9.7500000000000000 5.1944444444444446
9.7500000000000000 6.8055555555555554
9.5000000000000000 5.5000000000000000
9.5000000000000000 6.5000000000000000
5.5000000000000000 5.5000000000000000
5.5000000000000000 6.5000000000000000
5.5000000000000000 5.5587499999999999
5.5000000000000000 6.4412500000000001
5.5000000000000000 5.6174999999999997
5.5000000000000000 6.3825000000000003
5.5000000000000000 5.6762499999999996
5.5000000000000000 6.3237500000000004
5.5000000000000000 5.7350000000000003
5.5000000000000000 6.2649999999999997
5.5000000000000000 5.7937500000000002
5.5000000000000000 6.2062499999999998
5.5000000000000000 5.8525000000000000
5.5000000000000000 6.1475000000000000
5.5000000000000000 5.9112499999999999
5.5000000000000000 6.0887500000000001
6.5000000000000000 5.5000000000000000
6.5000000000000000 6.5000000000000000
6.5000000000000000 5.5587499999999999
6.5000000000000000 6.4412500000000001
6.5000000000000000 5.6174999999999997
6.5000000000000000 6.3825000000000003
6.5000000000000000 5.6762499999999996
6.5000000000000000 6.3237500000000004
6.5000000000000000 5.7350000000000003
6.5000000000000000 6.2649999999999997
6.5000000000000000 5.7937500000000002
6.5000000000000000 6.2062499999999998
6.5000000000000000 5.8525000000000000
6.5000000000000000 6.1475000000000000
6.5000000000000000 5.9112499999999999
6.5000000000000000 6.0887500000000001
7.5000000000000000 5.5000000000000000
7.5000000000000000 6.5000000000000000
7.5000000000000000 5.5587499999999999
7.5000000000000000 6.4412500000000001
7.5000000000000000 5.6174999999999997
7.5000000000000000 6.3825000000000003
7.5000000000000000 5.6762499999999996
7.5000000000000000 6.3237500000000004
7.5000000000000000 5.7350000000000003
7.5000000000000000 6.2649999999999997
7.5000000000000000 5.7937500000000002
7.5000000000000000 6.2062499999999998
7.5000000000000000 5.8525000000000000
7.5000000000000000 6.1475000000000000
7.5000000000000000 5.9112499999999999
7.5000000000000000 6.0887500000000001
8.5000000000000000 5.5000000000000000
8.5000000000000000 6.5000000000000000
8.5000000000000000 5.5587499999999999
8.5000000000000000 6.4412500000000001
8.5000000000000000 5.6174999999999997
8.5000000000000000 6.3825000000000003
8.5000000000000000 5.6762499999999996
8.5000000000000000 6.3237500000000004
8.5000000000000000 5.7350000000000003
8.5000000000000000 6.2649999999999997
8.5000000000000000 5.7937500000000002
8.5000000000000000 6.2062499999999998
8.5000000000000000 5.8525000000000000
8.5000000000000000 6.1475000000000000
8.5000000000000000 5.9112499999999999
8.5000000000000000 6.0887500000000001
9.5000000000000000 5.5000000000000000
9.5000000000000000 6.5000000000000000
9.5000000000000000 5.5587499999999999
9.5000000000000000 6.4412500000000001
9.5000000000000000 5.6174999999999997
9.5000000000000000 6.3825000000000003
9.5000000000000000 5.6762499999999996
9.5000000000000000 6.3237500000000004
9.5000000000000000 5.7350000000000003
9.5000000000000000 6.2649999999999997
9.5000000000000000 5.7937500000000002
9.5000000000000000 6.2062499999999998
9.5000000000000000 5.8525000000000000
9.5000000000000000 6.1475000000000000
9.5000000000000000 5.9112499999999999
9.5000000000000000 6.0887500000000001
5.5000000000000000 5.9699999999999998
5.5000000000000000 6.0000000000000000
5.5000000000000000 6.0299999999999994
6.5000000000000000 5.9699999999999998
6.5000000000000000 6.0000000000000000
6.5000000000000000 6.0299999999999994
7.5000000000000000 5.9699999999999998
7.5000000000000000 6.0000000000000000
7.5000000000000000 6.0299999999999994
8.5000000000000000 5.9699999999999998
8.5000000000000000 6.0000000000000000
8.5000000000000000 6.0299999999999994
9.5000000000000000 5.9699999999999998
9.5000000000000000 6.0000000000000000
9.5000000000000000 6.0299999999999994
9.7500000000000000 5.2869675925925925
9.7500000000000000 6.7130324074074075
9.7500000000000000 5.3794907407407413
9.7500000000000000 6.6205092592592587
9.7500000000000000 5.4720138888888892
9.7500000000000000 6.5279861111111108
9.7500000000000000 5.5645370370370371
9.7500000000000000 6.4354629629629629
9.7500000000000000 5.6570601851851858
9.7500000000000000 6.3429398148148142
9.7500000000000000 5.7495833333333337
9.7500000000000000 6.2504166666666663
9.7500000000000000 5.8421064814814816
9.7500000000000000 6.1578935185185184
9.7500000000000000 5.9346296296296295
9.7500000000000000 6.0653703703703705
10.0000000000000000 5.0151851851851843
10.0000000000000000 6.9848148148148157
10.0000000000000000 5.1414814814814811
10.0000000000000000 6.8585185185185189
10.0000000000000000 5.2677777777777770
10.0000000000000000 6.7322222222222230
10.0000000000000000 5.3940740740740738
10.0000000000000000 6.6059259259259262
10.0000000000000000 5.5203703703703697
10.0000000000000000 6.4796296296296303
10.0000000000000000 5.6466666666666665
10.0000000000000000 6.3533333333333335
10.0000000000000000 5.7729629629629624
10.0000000000000000 6.2270370370370376
10.0000000000000000 5.8992592592592583
10.0000000000000000 6.1007407407407417
10.2500000000000000 4.7434027777777787
10.2500000000000000 7.2565972222222213
10.2500000000000000 4.9034722222222227
10.2500000000000000 7.0965277777777773
10.2500000000000000 5.0635416666666675
10.2500000000000000 6.9364583333333325
10.2500000000000000 5.2236111111111114
10.2500000000000000 6.7763888888888886
10.2500000000000000 5.3836805555555562
10.2500000000000000 6.6163194444444438
10.2500000000000000 5.5437500000000002
10.2500000000000000 6.4562499999999998
10.2500000000000000 5.7038194444444450
10.2500000000000000 6.2961805555555550
10.2500000000000000 5.8638888888888889
10.2500000000000000 6.1361111111111111
10.5000000000000000 4.4716203703703705
10.5000000000000000 7.5283796296296295
10.5000000000000000 4.6654629629629625
10.5000000000000000 7.3345370370370375
10.5000000000000000 4.8593055555555553
10.5000000000000000 7.1406944444444447
10.5000000000000000 5.0531481481481482
10.5000000000000000 6.9468518518518518
10.5000000000000000 5.2469907407407410
10.5000000000000000 6.7530092592592590
10.5000000000000000 5.4408333333333330
10.5000000000000000 6.5591666666666670
10.5000000000000000 5.6346759259259258
10.5000000000000000 6.3653240740740742
10.5000000000000000 5.8285185185185178
10.5000000000000000 6.1714814814814822
10.7500000000000000 4.1998379629629632
10.7500000000000000 7.8001620370370368
10.7500000000000000 4.4274537037037041
10.7500000000000000 7.5725462962962959
10.7500000000000000 4.6550694444444449
10.7500000000000000 7.3449305555555551
10.7500000000000000 4.8826851851851849
10.7500000000000000 7.1173148148148151
10.7500000000000000 5.1103009259259258
10.7500000000000000 6.8896990740740742
10.7500000000000000 5.3379166666666666
10.7500000000000000 6.6620833333333334
10.7500000000000000 5.5655324074074075
10.7500000000000000 6.4344675925925925
10.7500000000000000 5.7931481481481484
10.7500000000000000 6.2068518518518516
11.0000000000000000 3.9280555555555554
11.0000000000000000 8.0719444444444441
11.0000000000000000 4.1894444444444439
11.0000000000000000 7.8105555555555561
11.0000000000000000 4.4508333333333336
11.0000000000000000 7.5491666666666664
11.0000000000000000 4.7122222222222216
11.0000000000000000 7.2877777777777784
11.0000000000000000 4.9736111111111114
11.0000000000000000 7.0263888888888886
11.0000000000000000 5.2349999999999994
11.0000000000000000 6.7650000000000006
11.0000000000000000 5.4963888888888892
11.0000000000000000 6.5036111111111108
11.0000000000000000 5.7577777777777772
11.0000000000000000 6.2422222222222228
11.2500000000000000 3.6562731481481485
11.2500000000000000 8.3437268518518515
11.2500000000000000 3.9514351851851854
11.2500000000000000 8.0485648148148137
11.2500000000000000 4.2465972222222224
11.2500000000000000 7.7534027777777776
11.2500000000000000 4.5417592592592602
11.2500000000000000 7.4582407407407398
11.2500000000000000 4.8369212962962962
11.2500000000000000 7.1630787037037038
11.2500000000000000 5.1320833333333340
11.2500000000000000 6.8679166666666660
11.2500000000000000 5.4272453703703709
11.2500000000000000 6.5727546296296291
11.2500000000000000 5.7224074074074078
11.2500000000000000 6.2775925925925922
11.5000000000000000 3.3844907407407412
11.5000000000000000 8.6155092592592588
11.5000000000000000 3.7134259259259261
11.5000000000000000 8.2865740740740748
11.5000000000000000 4.0423611111111111
11.5000000000000000 7.9576388888888889
11.5000000000000000 4.3712962962962969
11.5000000000000000 7.6287037037037031
11.5000000000000000 4.7002314814814818
11.5000000000000000 7.2997685185185182
11.5000000000000000 5.0291666666666668
11.5000000000000000 6.9708333333333332
11.5000000000000000 5.3581018518518526
11.5000000000000000 6.6418981481481474
11.5000000000000000 5.6870370370370367
11.5000000000000000 6.3129629629629633
11.7500000000000000 3.1127083333333334
11.7500000000000000 8.8872916666666661
11.7500000000000000 3.4754166666666668
11.7500000000000000 8.5245833333333323
11.7500000000000000 3.8381249999999998
11.7500000000000000 8.1618750000000002
11.7500000000000000 4.2008333333333336
11.7500000000000000 7.7991666666666664
11.7500000000000000 4.5635416666666666
11.7500000000000000 7.4364583333333334
11.7500000000000000 4.9262499999999996
11.7500000000000000 7.0737500000000004
11.7500000000000000 5.2889583333333334
11.7500000000000000 6.7110416666666666
11.7500000000000000 5.6516666666666664
11.7500000000000000 6.3483333333333336
12.0000000000000000 2.8409259259259256
12.0000000000000000 9.1590740740740735
12.0000000000000000 3.2374074074074071
12.0000000000000000 8.7625925925925934
12.0000000000000000 3.6338888888888885
12.0000000000000000 8.3661111111111115
12.0000000000000000 4.0303703703703704
12.0000000000000000 7.9696296296296296
12.0000000000000000 4.4268518518518514
12.0000000000000000 7.5731481481481486
12.0000000000000000 4.8233333333333333
12.0000000000000000 7.1766666666666667
12.0000000000000000 5.2198148148148142
12.0000000000000000 6.7801851851851858
12.0000000000000000 5.6162962962962961
12.0000000000000000 6.3837037037037039
12.2500000000000000 2.5691435185185183
12.2500000000000000 9.4308564814814808
12.2500000000000000 2.9993981481481482
12.2500000000000000 9.0006018518518509
12.2500000000000000 3.4296527777777777
12.2500000000000000 8.5703472222222228
12.2500000000000000 3.8599074074074071
12.2500000000000000 8.1400925925925929
12.2500000000000000 4.2901620370370370
12.2500000000000000 7.7098379629629630
12.2500000000000000 4.7204166666666669
12.2500000000000000 7.2795833333333331
12.2500000000000000 5.1506712962962968
12.2500000000000000 6.8493287037037032
12.2500000000000000 5.5809259259259258
12.2500000000000000 6.4190740740740742
12.5000000000000000 2.2973611111111110
12.5000000000000000 9.7026388888888881
12.5000000000000000 2.7613888888888889
12.5000000000000000 9.2386111111111120
12.5000000000000000 3.2254166666666668
12.5000000000000000 8.7745833333333323
12.5000000000000000 3.6894444444444443
12.5000000000000000 8.3105555555555561
12.5000000000000000 4.1534722222222227
12.5000000000000000 7.8465277777777773
12.5000000000000000 4.6174999999999997
12.5000000000000000 7.3825000000000003
12.5000000000000000 5.0815277777777785
12.5000000000000000 6.9184722222222215
12.5000000000000000 5.5455555555555556
12.5000000000000000 6.4544444444444444
12.7500000000000000 2.0255787037037036
12.7500000000000000 9.9744212962962955
12.7500000000000000 2.5233796296296296
12.7500000000000000 9.4766203703703695
12.7500000000000000 3.0211805555555555
12.7500000000000000 8.9788194444444436
12.7500000000000000 3.5189814814814815
12.7500000000000000 8.4810185185185176
12.7500000000000000 4.0167824074074074
12.7500000000000000 7.9832175925925926
12.7500000000000000 4.5145833333333334
12.7500000000000000 7.4854166666666666
12.7500000000000000 5.0123842592592593
12.7500000000000000 6.9876157407407407
12.7500000000000000 5.5101851851851853
12.7500000000000000 6.4898148148148147
13.0000000000000000 1.7537962962962963
13.0000000000000000 10.2462037037037028
13.0000000000000000 2.2853703703703703
13.0000000000000000 9.7146296296296306
13.0000000000000000 2.8169444444444443
13.0000000000000000 9.1830555555555549
13.0000000000000000 3.3485185185185182
13.0000000000000000 8.6514814814814827
13.0000000000000000 3.8800925925925922
13.0000000000000000 8.1199074074074069
13.0000000000000000 4.4116666666666662
13.0000000000000000 7.5883333333333338
13.0000000000000000 4.9432407407407410
13.0000000000000000 7.0567592592592590
13.0000000000000000 5.4748148148148150
13.0000000000000000 6.5251851851851850
13.2500000000000000 1.4820138888888890
13.2500000000000000 10.5179861111111101
13.2500000000000000 2.0473611111111110
13.2500000000000000 9.9526388888888881
13.2500000000000000 2.6127083333333334
13.2500000000000000 9.3872916666666661
13.2500000000000000 3.1780555555555554
13.2500000000000000 8.8219444444444441
13.2500000000000000 3.7434027777777779
13.2500000000000000 8.2565972222222221
13.2500000000000000 4.3087499999999999
13.2500000000000000 7.6912500000000001
13.2500000000000000 4.8740972222222219
13.2500000000000000 7.1259027777777781
13.2500000000000000 5.4394444444444447
13.2500000000000000 6.5605555555555553
13.5000000000000000 1.2102314814814814
13.5000000000000000 10.7897685185185193
13.5000000000000000 1.8093518518518517
13.5000000000000000 10.1906481481481492
13.5000000000000000 2.4084722222222221
13.5000000000000000 9.5915277777777774
13.5000000000000000 3.0075925925925926
13.5000000000000000 8.9924074074074074
13.5000000000000000 3.6067129629629635
13.5000000000000000 8.3932870370370374
13.5000000000000000 4.2058333333333326
13.5000000000000000 7.7941666666666674
13.5000000000000000 4.8049537037037027
13.5000000000000000 7.1950462962962973
13.5000000000000000 5.4040740740740736
13.5000000000000000 6.5959259259259264
13.7500000000000000 0.9384490740740739
13.7500000000000000 11.0615509259259266
13.7500000000000000 1.5713425925925923
13.7500000000000000 10.4286574074074068
13.7500000000000000 2.2042361111111108
13.7500000000000000 9.7957638888888887
13.7500000000000000 2.8371296296296289
13.7500000000000000 9.1628703703703707
13.7500000000000000 3.4700231481481478
13.7500000000000000 8.5299768518518526
13.7500000000000000 4.1029166666666663
13.7500000000000000 7.8970833333333337
13.7500000000000000 4.7358101851851853
13.7500000000000000 7.2641898148148147
13.7500000000000000 5.3687037037037024
13.7500000000000000 6.6312962962962976
14.0000000000000000 0.6666666666666666
14.0000000000000000 11.3333333333333339
14.0000000000000000 1.3333333333333333
14.0000000000000000 10.6666666666666661
14.0000000000000000 2.0000000000000000
14.0000000000000000 10.0000000000000000
14.0000000000000000 2.6666666666666665
14.0000000000000000 9.3333333333333339
14.0000000000000000 3.3333333333333335
14.0000000000000000 8.6666666666666661
14.0000000000000000 4.0000000000000000
14.0000000000000000 8.0000000000000000
14.0000000000000000 4.6666666666666670
14.0000000000000000 7.3333333333333330
14.0000000000000000 5.3333333333333330
14.0000000000000000 6.6666666666666670
9.7500000000000000 6.0000000000000000
10.0000000000000000 5.9999999999999991
10.2500000000000000 6.0000000000000000
10.5000000000000000 6.0000000000000000
10.7500000000000000 6.0000000000000000
11.0000000000000000 5.9999999999999991
11.2500000000000000 6.0000000000000000
11.5000000000000000 6.0000000000000000
11.7500000000000000 6.0000000000000000
12.0000000000000000 6.0000000000000000
12.2500000000000000 6.0000000000000000
12.5000000000000000 6.0000000000000000
12.7500000000000000 6.0000000000000000
13.0000000000000000 6.0000000000000000
13.2500000000000000 6.0000000000000000
13.5000000000000000 6.0000000000000000
13.7500000000000000 5.9999999999999991
14.0000000000000000 6.0000000000000000
14.7857142857142865 0.0000000000000000
14.7857142857142865 0.6666666666666666
14.7857142857142865 1.3333333333333333
14.7857142857142865 2.0000000000000000
14.7857142857142865 2.6666666666666665
14.7857142857142865 3.3333333333333335
14.7857142857142865 4.0000000000000000
14.7857142857142865 4.6666666666666670
14.7857142857142865 5.3333333333333330
14.7857142857142865 6.0000000000000000
14.7857142857142865 6.6666666666666670
14.7857142857142865 7.3333333333333339
14.7857142857142865 8.0000000000000000
14.7857142857142865 8.6666666666666661
14.7857142857142865 9.3333333333333339
14.7857142857142865 10.0000000000000000
14.7857142857142865 10.6666666666666661
14.7857142857142865 11.3333333333333321
14.7857142857142865 12.0000000000000000
15.5714285714285712 0.0000000000000000
15.5714285714285712 0.6666666666666666
15.5714285714285712 1.3333333333333333
15.5714285714285712 2.0000000000000000
15.5714285714285712 2.6666666666666665
15.5714285714285712 3.3333333333333335
15.5714285714285712 4.0000000000000000
15.5714285714285712 4.6666666666666670
15.5714285714285712 5.3333333333333330
15.5714285714285712 6.0000000000000000
15.5714285714285712 6.6666666666666670
15.5714285714285712 7.3333333333333339
15.5714285714285712 8.0000000000000000
15.5714285714285712 8.6666666666666661
15.5714285714285712 9.3333333333333339
15.5714285714285712 10.0000000000000000
15.5714285714285712 10.6666666666666661
15.5714285714285712 11.3333333333333321
15.5714285714285712 12.0000000000000000
16.3571428571428577 0.0000000000000000
16.3571428571428577 0.6666666666666666
16.3571428571428577 1.3333333333333333
16.3571428571428577 2.0000000000000000
16.3571428571428577 2.6666666666666665
16.3571428571428577 3.3333333333333335
16.3571428571428577 4.0000000000000000
16.3571428571428577 4.6666666666666670
16.3571428571428577 5.3333333333333330
16.3571428571428577 6.0000000000000000
16.3571428571428577 6.6666666666666670
16.3571428571428577 7.3333333333333339
16.3571428571428577 8.0000000000000000
16.3571428571428577 8.6666666666666661
16.3571428571428577 9.3333333333333339
16.3571428571428577 10.0000000000000000
16.3571428571428577 10.6666666666666661
16.3571428571428577 11.3333333333333321
16.3571428571428577 12.0000000000000000
17.1428571428571423 0.0000000000000000
17.1428571428571423 0.6666666666666666
17.1428571428571423 1.3333333333333333
17.1428571428571423 2.0000000000000000
17.1428571428571423 2.6666666666666665
17.1428571428571423 3.3333333333333335
17.1428571428571423 4.0000000000000000
17.1428571428571423 4.6666666666666670
17.1428571428571423 5.3333333333333330
17.1428571428571423 6.0000000000000000
17.1428571428571423 6.6666666666666670
17.1428571428571423 7.3333333333333339
17.1428571428571423 8.0000000000000000
17.1428571428571423 8.6666666666666661
17.1428571428571423 9.3333333333333339
17.1428571428571423 10.0000000000000000
17.1428571428571423 10.6666666666666661
17.1428571428571423 11.3333333333333321
17.1428571428571423 12.0000000000000000
17.9285714285714306 0.0000000000000000
17.9285714285714306 0.6666666666666666
17.9285714285714306 1.3333333333333333
17.9285714285714306 2.0000000000000000
17.9285714285714306 2.6666666666666665
17.9285714285714306 3.3333333333333335
17.9285714285714306 4.0000000000000000
17.9285714285714306 4.6666666666666670
17.9285714285714306 5.3333333333333330
17.9285714285714306 6.0000000000000000
17.9285714285714306 6.6666666666666670
17.9285714285714306 7.3333333333333339
17.9285714285714306 8.0000000000000000
17.9285714285714306 8.6666666666666661
17.9285714285714306 9.3333333333333339
17.9285714285714306 10.0000000000000000
17.9285714285714306 10.6666666666666661
17.9285714285714306 11.3333333333333321
17.9285714285714306 12.0000000000000000
18.7142857142857153 0.0000000000000000
18.7142857142857153 0.6666666666666666
18.7142857142857153 1.3333333333333333
18.7142857142857153 2.0000000000000000
18.7142857142857153 2.6666666666666665
18.7142857142857153 3.3333333333333335
18.7142857142857153 4.0000000000000000
18.7142857142857153 4.6666666666666670
18.7142857142857153 5.3333333333333330
18.7142857142857153 6.0000000000000000
18.7142857142857153 6.6666666666666670
18.7142857142857153 7.3333333333333339
18.7142857142857153 8.0000000000000000
18.7142857142857153 8.6666666666666661
18.7142857142857153 9.3333333333333339
18.7142857142857153 10.0000000000000000
18.7142857142857153 10.6666666666666661
18.7142857142857153 11.3333333333333321
18.7142857142857153 12.0000000000000000
19.5000000000000000 0.0000000000000000
19.5000000000000000 0.6666666666666666
19.5000000000000000 1.3333333333333333
19.5000000000000000 2.0000000000000000
19.5000000000000000 2.6666666666666665
19.5000000000000000 3.3333333333333335
19.5000000000000000 4.0000000000000000
19.5000000000000000 4.6666666666666670
19.5000000000000000 5.3333333333333330
19.5000000000000000 6.0000000000000000
19.5000000000000000 6.6666666666666670
19.5000000000000000 7.3333333333333339
19.5000000000000000 8.0000000000000000
19.5000000000000000 8.6666666666666661
19.5000000000000000 9.3333333333333339
19.5000000000000000 10.0000000000000000
19.5000000000000000 10.6666666666666661
19.5000000000000000 11.3333333333333321
19.5000000000000000 12.0000000000000000
